packages/cartolidar/cartolidar-0.0a14.tar.gz/cartolidar-0.0a14/cartolidar/data/asc/Riaza/454_4576_2017_Fcc5m.asc
ncols 200 
nrows 200 
xllcenter 454005.000 
yllcenter 4574005.000 
cellsize 10.000 
nodata_value 255 
[rows 0 to 54 of 200, columns 0 to 95 of 200]
58 65 08 00 00 00 00 00 00 00 00 00 00 00 00 00 00 00 00 00 00 00 00 00 00 00 00 00 00 00 00 00 00 00 00 00 00 06 00 00 255 00 255 255 00 00 255 255 255 00 00 00 00 00 00 00 00 00 00 00 00 00 05 00 00 00 00 00 00 00 00 00 00 00 00 00 00 00 00 00 00 00 00 00 00 00 00 00 00 00 04 00 00 00 00 00
08 49 01 00 00 00 00 00 00 00 00 00 00 00 00 00 00 00 00 00 00 00 00 00 00 00 00 00 02 00 00 00 00 00 00 00 00 00 00 00 00 00 255 255 255 00 00 255 255 00 00 00 00 00 00 00 00 00 00 00 00 00 00 00 00 00 00 00 00 00 00 00 00 00 02 00 00 00 00 00 00 00 00 00 00 00 00 00 00 00 00 00 00 00 00 00
98 05 35 04 00 00 00 00 00 00 00 00 00 00 00 00 00 00 00 00 00 00 00 00 00 00 00 00 18 11 00 00 00 31 07 00 00 00 00 15 255 255 255 255 11 00 00 00 00 00 05 00 00 00 00 00 00 00 00 00 00 00 00 00 00 00 00 00 00 00 00 00 00 02 25 18 00 00 00 00 00 00 00 00 00 00 00 00 00 00 00 00 00 00 00 00
77 45 00 00 00 00 00 00 00 00 00 00 00 00 00 00 00 00 00 00 00 00 00 00 00 00 00 00 00 00 00 00 00 00 00 00 00 00 05 255 255 04 255 255 00 00 00 09 00 00 02 00 00 00 00 00 00 00 00 00 00 00 00 00 00 00 00 00 00 00 00 00 00 00 33 07 00 00 00 00 00 00 00 00 00 00 00 00 00 00 00 00 00 00 00 00
47 88 07 00 00 00 00 00 00 00 00 00 00 00 00 00 00 00 00 00 00 00 00 00 00 00 00 00 00 00 00 00 00 00 00 00 00 00 00 255 00 00 00 00 00 00 02 32 00 00 00 00 00 00 00 00 00 00 00 00 00 00 00 00 00 00 00 00 00 00 00 00 00 00 23 10 00 00 00 00 00 00 00 00 00 00 00 00 00 00 00 00 00 00 00 00
07 48 03 00 00 00 00 00 00 00 00 00 00 00 00 00 00 00 00 00 00 00 00 00 00 00 00 00 00 00 00 00 00 00 00 00 00 00 00 00 00 00 00 00 00 00 00 00 00 00 00 00 00 00 00 00 00 00 00 00 00 00 00 00 00 00 00 00 00 00 00 00 00 33 26 00 00 00 00 00 00 00 00 00 00 00 00 00 00 00 00 00 00 00 00 00
16 35 91 01 00 00 00 00 00 00 00 00 00 00 00 00 00 00 00 00 00 00 00 00 00 00 00 00 00 00 00 00 00 00 00 00 00 00 00 00 00 00 00 02 00 00 00 00 00 00 00 00 00 00 00 00 00 01 23 00 00 00 00 00 00 00 00 00 00 00 00 00 00 25 01 32 00 00 00 00 00 00 00 00 00 00 00 00 00 00 00 00 00 00 00 01
52 77 56 42 64 00 00 00 00 00 00 00 00 00 00 00 00 00 00 00 00 00 00 00 00 00 00 00 00 00 00 00 00 00 00 00 00 00 00 00 00 00 00 01 00 00 00 00 00 00 00 00 00 00 00 00 00 08 32 00 00 00 00 00 00 00 00 00 00 00 00 00 00 08 17 09 00 00 00 00 00 00 00 00 00 00 00 00 00 00 00 00 00 00 00 00
94 45 16 29 72 19 00 00 00 00 00 00 00 00 00 00 00 00 00 00 00 00 00 00 00 00 00 00 00 00 00 00 00 00 00 00 00 00 00 00 00 07 21 00 00 00 00 00 00 00 00 00 00 00 00 00 00 00 00 00 00 00 00 00 00 00 00 00 00 00 00 00 00 00 00 03 00 00 00 00 00 00 00 00 00 00 00 00 00 00 00 00 00 00 00 00
90 20 00 38 41 98 15 00 00 00 00 00 00 00 00 00 00 00 00 00 00 00 00 00 00 00 00 00 00 00 00 00 00 00 00 00 00 00 00 00 00 26 03 00 00 00 00 00 00 00 00 00 00 00 00 00 00 00 00 00 00 00 00 02 00 00 00 00 00 00 00 00 00 00 00 17 35 13 03 00 00 00 00 00 00 00 00 22 04 00 00 00 00 00 00 00
23 04 25 04 06 95 26 47 00 00 00 00 00 00 00 00 00 00 00 00 00 00 00 00 00 00 00 00 00 00 00 00 00 00 00 00 00 00 00 00 00 00 00 00 00 00 00 00 00 00 00 00 00 00 00 00 00 00 00 00 00 00 00 00 00 00 00 00 00 00 00 00 00 00 00 06 58 20 32 01 00 00 00 00 00 00 00 19 04 00 00 00 00 00 00 00
01 06 11 07 10 57 13 00 00 00 00 00 00 00 00 00 00 00 00 00 00 00 00 00 00 00 00 00 00 00 00 00 00 00 00 00 00 00 00 00 00 00 00 00 00 00 00 00 00 00 00 00 00 00 00 00 00 00 00 00 00 00 00 00 00 00 00 00 00 00 00 00 00 20 14 26 10 16 32 46 00 00 00 00 25 00 00 00 00 00 00 00 00 00 00 00
00 00 00 06 03 00 00 00 00 00 00 00 00 00 00 00 00 00 00 00 00 00 00 00 255 255 00 00 04 00 00 00 00 00 00 00 00 00 00 00 00 00 00 00 00 00 00 00 00 00 00 00 00 00 00 00 00 00 00 00 00 00 00 00 00 00 00 00 00 00 00 00 00 00 42 22 36 54 53 30 00 00 00 00 88 13 00 00 00 00 00 00 00 00 00 00
07 02 66 67 45 02 40 97 36 00 00 00 00 00 00 00 00 00 00 02 02 00 06 00 255 00 00 00 00 00 00 00 00 00 00 00 00 00 00 00 00 00 00 00 00 00 00 00 00 00 00 00 00 00 00 00 00 00 00 00 00 00 00 00 00 00 00 00 00 00 00 19 25 79 22 04 17 06 44 04 00 00 00 00 03 26 11 00 00 00 00 00 00 00 00 00
00 00 27 60 16 06 45 34 07 00 00 00 00 00 00 00 00 00 01 20 06 00 40 03 00 00 00 00 00 00 00 00 00 00 00 00 00 00 00 00 00 00 00 00 00 00 00 00 00 00 00 00 00 00 00 00 00 00 00 00 00 00 02 18 00 00 00 00 00 00 00 76 97 19 12 01 02 09 08 27 51 00 00 00 00 47 21 00 00 00 00 06 15 00 00 00
00 00 00 00 08 01 31 43 27 07 00 00 00 00 00 00 00 00 34 55 00 02 07 85 26 04 13 03 00 00 00 00 00 00 00 00 00 00 00 00 00 06 00 00 00 00 00 00 00 00 00 00 00 00 00 00 00 00 00 00 00 00 00 00 00 00 00 00 00 04 06 04 43 08 23 02 22 00 05 18 07 08 14 15 31 01 00 00 00 00 00 00 00 00 00 00
05 00 05 01 79 00 14 47 72 69 09 20 80 02 00 00 00 20 69 80 00 00 00 47 38 67 82 12 69 03 00 00 00 00 00 00 00 00 00 00 00 65 00 00 00 00 00 00 00 00 00 00 00 00 00 00 00 00 00 00 00 00 00 00 00 00 00 07 25 53 67 25 69 34 00 10 05 15 20 01 05 00 11 20 27 16 00 00 00 00 00 00 00 00 00 00
00 08 05 01 00 00 00 00 18 08 10 61 78 00 00 00 00 19 08 12 00 00 05 21 00 50 61 12 13 00 00 00 00 00 00 00 00 00 00 00 10 00 14 00 00 00 00 00 00 00 00 00 00 00 00 00 00 00 00 00 00 00 01 00 00 00 05 50 26 54 00 29 15 31 27 09 15 21 19 00 00 00 00 00 00 00 00 00 00 00 00 00 00 00 00 00
35 39 27 03 00 00 00 47 12 04 32 46 48 00 01 31 00 00 00 00 00 00 17 39 00 17 11 19 56 13 07 00 00 00 00 00 00 00 00 00 00 00 42 00 00 00 00 00 00 00 00 00 00 00 00 00 00 00 00 00 00 00 69 00 00 00 00 00 18 15 03 05 06 07 11 01 01 27 10 00 00 00 00 00 03 00 00 00 00 00 00 00 00 00 06 03
66 34 48 00 13 05 05 25 07 63 18 34 33 17 00 07 00 39 42 16 31 01 01 10 05 43 19 10 07 06 39 01 00 00 00 00 00 00 00 00 00 00 00 00 00 00 00 00 00 00 00 00 00 00 00 00 00 00 00 00 00 00 03 00 00 00 00 00 30 23 04 00 10 25 04 04 27 13 04 36 08 00 02 00 47 16 00 00 00 00 00 00 00 00 03 19
35 51 00 00 00 03 03 00 09 09 12 26 57 16 29 84 13 20 30 46 97 11 24 36 15 28 13 16 00 02 11 11 00 00 00 00 00 00 00 00 00 00 00 00 00 00 00 00 00 00 00 00 00 00 00 00 00 00 00 00 00 00 00 00 00 00 00 00 03 23 01 02 08 47 25 20 09 08 11 08 43 00 00 00 00 00 00 26 00 00 00 00 01 00 00 00
05 37 06 10 38 08 09 00 01 00 08 02 00 03 10 82 38 25 17 02 09 06 21 12 04 10 16 02 07 00 00 07 00 00 00 00 00 00 00 00 00 00 00 00 00 00 00 00 00 63 90 05 00 00 00 00 00 00 00 00 14 00 00 00 00 11 00 08 01 02 12 05 01 01 03 08 08 01 21 26 10 01 00 00 00 00 00 20 03 00 00 09 15 00 00 04
28 06 07 10 21 28 10 11 00 00 00 00 00 04 22 05 54 46 39 35 14 12 23 07 41 29 10 19 70 02 00 00 00 00 00 00 00 00 00 00 00 00 00 00 00 31 05 00 00 40 66 12 01 00 00 00 02 07 00 00 00 00 00 63 84 87 15 00 00 00 02 07 13 07 10 05 02 06 03 13 14 19 03 56 00 00 16 03 00 00 00 00 00 00 18 00
66 18 07 01 10 00 05 10 01 22 02 00 00 13 25 14 31 35 53 89 78 05 22 20 30 23 18 16 39 10 06 00 00 00 00 00 00 00 00 00 00 00 00 00 00 02 00 00 00 00 00 70 66 00 11 16 95 27 00 00 00 00 00 46 59 28 00 06 04 22 09 09 10 41 11 28 20 31 04 08 00 47 10 33 09 00 00 00 00 00 00 07 40 00 07 54
00 01 14 06 00 00 01 10 12 32 00 00 02 01 06 00 00 05 37 85 20 00 09 10 13 11 03 12 08 12 25 00 00 00 00 00 00 00 00 00 00 37 15 00 04 76 04 00 00 00 00 41 36 00 00 05 47 00 00 00 01 00 01 66 11 00 00 32 15 12 00 18 05 04 12 04 39 63 12 07 21 14 26 10 26 25 00 00 00 50 02 36 32 00 02 55
06 16 59 47 00 00 05 01 00 14 02 01 00 15 43 00 01 03 10 07 01 55 78 74 03 09 07 08 10 23 12 00 01 21 21 00 00 00 00 00 06 03 00 00 02 25 05 00 00 00 00 15 14 00 00 00 00 01 00 00 00 09 100 77 00 00 00 46 00 51 04 00 05 17 36 25 25 07 02 21 35 32 14 24 03 27 02 00 03 04 13 03 00 00 00 00
00 09 20 46 00 04 00 00 03 03 07 00 00 50 23 02 00 38 18 07 05 46 48 65 07 10 15 04 11 13 11 08 04 00 02 00 00 00 00 00 15 25 00 00 00 00 00 00 00 00 00 00 00 00 00 00 00 02 00 07 29 34 71 11 00 00 18 34 10 05 20 00 00 02 01 09 86 10 40 32 38 09 08 09 16 01 00 00 00 00 00 00 00 00 00 00
00 00 00 00 05 58 09 04 11 00 10 06 00 00 00 03 14 58 31 87 42 37 66 16 12 15 08 24 05 15 23 09 30 08 25 18 00 00 00 00 03 09 00 00 00 09 00 00 00 00 04 00 00 14 00 00 04 00 00 27 42 14 56 00 00 11 40 20 03 04 08 01 02 03 18 20 50 00 28 39 30 22 03 38 02 00 00 00 06 01 20 50 02 00 00 00
45 07 00 10 00 04 00 01 03 00 00 00 37 07 00 80 18 26 27 14 18 04 34 27 05 06 05 03 00 00 05 07 01 00 08 08 00 00 00 00 14 50 12 03 10 53 17 01 00 40 58 06 06 31 00 04 40 00 00 15 07 10 21 00 00 55 15 28 34 31 00 00 04 10 17 18 17 00 11 12 48 15 00 03 15 01 00 00 22 01 13 19 15 25 05 28
45 58 45 07 01 00 07 19 03 00 00 14 79 22 06 47 09 12 01 31 04 00 11 16 43 02 10 01 00 01 03 16 25 13 11 32 02 09 00 07 23 19 04 02 07 13 54 28 02 13 44 00 00 00 00 02 21 17 22 03 43 47 10 63 00 15 37 38 08 12 00 09 02 07 02 00 00 02 20 02 34 75 05 23 07 00 00 00 00 00 00 00 00 15 36 51
11 24 54 01 05 03 04 00 03 00 00 03 33 06 00 21 19 82 32 15 27 03 12 02 10 08 11 06 02 02 00 02 06 13 09 13 07 29 13 39 35 35 11 00 02 23 34 08 45 36 07 00 55 01 00 00 00 44 28 36 20 18 04 32 04 12 19 17 11 13 13 00 00 02 00 10 48 02 00 09 00 00 03 07 11 16 00 00 00 00 00 01 00 06 02 07
39 06 01 00 00 01 03 03 43 01 00 00 01 53 12 10 21 31 83 25 17 05 00 07 12 10 05 00 04 02 00 02 06 34 15 00 03 10 37 08 12 15 44 38 23 03 15 00 04 22 26 03 17 12 00 00 00 61 42 46 02 04 01 27 08 00 00 22 22 01 23 04 08 00 01 00 04 09 01 00 00 00 00 08 00 04 38 00 00 00 00 00 00 00 00 00
08 00 00 00 00 00 00 07 04 07 00 08 00 42 00 68 31 02 29 05 10 07 02 24 04 13 01 00 03 12 11 11 36 29 24 00 00 17 06 27 06 18 25 56 52 01 00 00 00 38 53 06 55 07 00 00 00 28 20 23 03 05 23 25 10 00 04 64 27 23 21 01 00 00 00 02 07 01 00 00 00 22 12 25 06 29 11 26 00 00 00 00 00 00 00 00
15 00 00 00 00 04 01 00 16 25 02 00 00 00 00 03 01 00 01 14 01 05 18 26 00 03 00 01 07 17 13 31 10 00 00 00 03 45 39 16 12 08 10 22 57 02 00 00 00 03 18 43 32 71 00 02 00 00 14 30 10 00 16 04 07 00 14 21 17 26 21 02 00 00 05 02 05 00 00 00 08 05 40 02 06 08 17 02 00 00 00 00 00 00 01 02
10 00 00 00 00 00 01 00 04 23 01 00 00 00 00 00 03 00 18 50 05 07 06 08 05 38 03 00 00 02 05 32 18 00 00 00 04 84 31 19 07 13 17 09 26 11 51 02 03 30 10 06 18 30 05 05 20 12 00 14 26 06 08 05 06 00 06 03 39 19 44 00 00 00 00 00 04 07 05 35 11 04 09 02 04 03 09 01 00 00 00 00 00 00 07 04
11 00 00 02 03 00 00 00 22 04 00 01 02 09 04 02 14 05 15 42 08 06 45 27 33 62 23 21 02 07 09 29 38 00 00 00 00 01 17 16 15 02 08 11 29 15 60 22 37 13 03 01 00 29 77 08 35 45 00 03 08 12 24 15 00 00 04 03 04 20 20 10 15 01 02 05 03 02 39 30 02 01 00 05 03 06 07 00 00 00 00 00 00 00 00 00
14 02 00 00 01 32 06 00 04 00 00 03 10 00 12 09 07 00 00 11 08 06 01 04 12 20 29 00 02 04 06 11 28 02 00 20 15 00 32 52 21 14 03 24 38 12 44 75 13 08 21 56 55 51 10 00 26 26 51 04 01 28 33 00 00 00 06 17 03 13 22 42 00 02 02 27 25 13 01 08 05 17 09 09 10 00 00 00 00 00 00 00 00 00 00 00
26 00 08 00 00 18 00 03 00 00 00 02 00 01 03 00 00 01 00 03 20 22 02 04 01 03 00 00 02 01 00 19 44 21 00 04 05 14 19 48 15 12 06 27 20 00 11 63 76 16 36 75 23 00 10 09 00 21 76 17 01 13 15 06 00 00 17 25 17 69 18 16 19 14 21 37 05 10 21 30 09 00 04 03 05 00 06 07 00 00 00 00 00 05 00 08
85 20 02 00 01 01 00 00 01 00 00 02 06 06 13 00 00 00 00 00 21 08 01 02 00 08 00 00 00 04 09 02 09 13 00 00 01 31 39 55 82 47 27 15 40 50 14 06 00 25 91 84 32 00 39 65 04 00 58 28 01 03 07 11 00 00 12 05 37 08 62 15 08 01 03 01 02 30 06 03 03 00 00 05 15 04 17 05 22 09 00 00 03 00 02 02
11 13 01 00 00 02 02 04 00 01 08 03 24 01 15 00 00 00 00 02 00 02 00 00 09 31 01 00 15 65 05 14 36 25 00 04 27 68 12 15 51 32 08 20 28 54 90 06 12 90 69 60 28 08 73 78 20 00 06 22 23 10 00 25 00 00 01 02 09 02 41 02 09 14 07 01 18 15 00 03 00 01 00 02 11 00 00 03 08 01 07 00 00 00 07 02
06 23 01 00 00 03 03 00 00 00 00 00 17 05 09 00 00 00 00 00 05 11 00 00 00 00 00 00 02 28 03 21 45 04 05 38 16 25 04 00 25 06 03 06 38 17 33 11 31 62 31 17 84 60 43 77 19 00 41 12 09 15 00 06 01 08 16 13 45 18 50 23 05 03 01 09 08 00 00 02 01 00 00 07 25 00 02 11 00 00 00 00 00 00 00 02
05 00 00 01 08 05 02 00 00 00 00 00 14 14 01 01 00 00 00 01 07 06 00 01 03 00 05 00 07 06 01 08 41 15 17 71 17 03 11 00 00 48 19 41 63 43 15 21 11 73 30 00 26 20 35 45 41 38 10 04 20 17 04 05 00 08 21 41 37 59 33 12 07 00 01 00 01 08 00 00 00 15 09 05 00 16 13 10 01 07 00 00 00 00 00 03
54 00 02 22 48 03 34 08 00 00 00 00 10 37 01 33 00 00 00 01 00 01 01 01 00 00 00 00 08 39 07 01 00 00 81 81 28 30 12 00 00 02 05 34 65 21 01 32 26 05 00 07 48 37 21 53 16 12 08 18 07 15 04 06 00 06 14 01 19 08 03 17 42 01 14 05 00 06 02 00 18 09 07 00 00 00 00 05 02 00 00 00 00 01 00 10
14 00 05 60 29 23 54 17 06 02 00 02 05 32 21 09 06 00 02 04 10 00 02 02 00 00 00 01 07 50 00 07 00 03 95 85 32 11 22 01 00 12 05 13 74 02 00 09 33 44 07 37 25 46 32 18 46 24 19 03 06 05 08 04 00 00 00 27 23 00 22 20 52 27 27 02 13 12 01 12 12 22 01 00 00 09 04 08 01 04 02 05 00 00 00 00
00 00 08 76 80 84 73 03 00 00 00 04 05 41 28 34 16 01 00 00 00 03 07 01 00 00 00 00 29 28 02 18 04 09 28 17 00 35 40 03 00 02 00 09 14 43 00 00 07 03 04 39 33 06 01 04 08 11 19 19 04 21 04 17 09 00 00 00 09 03 20 14 17 02 05 00 00 09 07 10 00 21 18 05 02 22 15 00 08 05 00 00 00 03 00 00
00 08 64 86 26 13 13 00 00 00 00 02 00 27 14 07 00 00 00 08 01 01 03 09 16 00 00 00 00 05 02 10 07 45 01 00 02 43 15 00 11 17 03 17 20 29 08 10 33 12 38 15 66 01 00 00 24 13 10 06 00 09 03 25 00 00 00 00 00 03 16 01 01 30 55 00 00 12 35 11 01 03 02 19 26 07 04 12 02 04 00 02 00 00 00 00
00 10 03 15 56 00 00 00 00 08 59 00 01 01 12 00 10 03 02 01 12 05 11 16 12 01 01 00 00 00 02 23 04 86 05 00 18 54 00 06 37 12 04 02 15 78 27 45 13 04 55 11 31 00 00 00 07 25 12 06 06 06 03 02 00 00 00 00 00 00 02 05 01 36 74 00 00 01 05 29 04 12 00 08 03 13 01 10 00 07 25 00 00 02 01 00
28 14 00 02 34 00 00 00 00 00 00 39 10 00 00 06 05 01 00 00 07 08 12 08 02 00 09 05 01 01 09 30 00 13 00 00 00 28 00 02 09 47 35 11 35 76 18 05 42 45 31 45 01 00 00 00 20 16 14 07 01 24 15 09 02 00 00 00 00 00 28 03 08 14 80 00 00 00 17 09 00 01 00 00 01 10 00 00 02 04 02 01 03 00 00 00
93 19 00 00 01 00 00 00 00 00 00 87 43 00 07 09 19 00 01 10 10 08 00 02 08 02 27 09 06 00 04 12 01 31 03 00 38 25 40 00 08 06 19 19 15 31 51 06 00 41 19 34 00 00 00 00 03 69 28 04 28 17 18 11 12 00 00 00 19 01 00 03 07 00 00 01 00 00 47 14 01 03 02 00 00 01 14 00 00 01 04 00 11 09 00 00
04 00 00 00 00 00 00 00 04 10 15 61 57 09 01 23 09 02 02 05 00 15 00 05 26 11 01 04 05 02 11 00 00 07 20 10 82 50 25 02 00 15 13 11 00 07 45 45 00 00 28 58 00 00 00 00 04 31 11 22 53 06 08 07 14 13 00 00 02 02 00 02 03 01 04 15 00 00 00 05 01 04 01 00 00 00 06 00 01 02 03 08 00 02 00 00
02 11 00 00 00 00 00 00 10 23 11 18 07 23 01 23 13 00 01 00 33 00 00 22 62 14 76 07 03 22 47 00 03 21 00 25 81 72 06 00 09 07 00 00 02 00 04 15 01 00 36 16 00 00 00 00 01 19 34 11 06 15 10 29 12 09 00 00 07 13 00 00 00 00 06 01 00 02 04 01 09 09 00 12 00 02 07 00 05 17 02 07 00 00 01 00
40 00 00 00 00 00 07 41 00 28 12 03 00 27 20 40 38 14 12 00 00 07 04 02 34 08 31 22 06 11 31 07 01 02 08 74 62 23 05 30 13 10 30 13 02 00 26 37 12 55 20 95 02 00 00 00 01 33 10 26 10 10 38 35 15 22 02 00 02 16 28 01 00 01 16 01 10 10 03 04 10 08 00 00 01 02 00 00 00 00 06 00 00 00 00 00
61 09 00 04 05 00 10 45 40 30 08 05 00 06 24 82 30 02 08 36 01 00 02 02 00 00 00 05 19 06 25 02 00 00 56 51 09 07 10 17 08 15 22 34 14 05 34 08 28 23 27 84 10 00 00 00 01 15 20 19 13 02 29 21 33 17 02 02 00 00 10 03 00 00 00 06 23 05 05 07 02 02 00 00 02 02 01 01 05 00 00 00 00 00 00 00
02 17 00 01 00 00 00 00 58 38 34 01 00 01 01 12 03 02 10 01 03 12 22 00 00 00 18 11 46 19 10 00 00 29 96 68 15 00 06 15 10 24 04 01 05 07 35 00 45 04 04 02 00 00 00 00 00 01 05 00 02 06 21 30 18 21 21 12 00 03 11 06 01 00 00 00 00 00 44 00 02 00 01 11 05 05 00 00 00 00 00 00 00 04 00 00
00 00 08 00 03 00 00 03 01 23 31 00 00 00 03 21 25 34 09 00 13 05 34 00 00 55 78 45 01 31 09 00 00 07 77 82 10 00 04 04 34 28 29 00 00 02 38 00 44 94 24 28 25 35 83 43 84 05 36 17 57 22 45 23 26 09 04 10 00 02 75 28 16 04 00 00 00 01 40 00 00 03 05 03 00 00 00 00 00 00 00 00 00 02 00 00
