packages/cartolidar/cartolidar-0.0a14-py3-none-any.whl/cartolidar/data/asc/Riaza/454_4576_2017_Alt95.asc
ncols 200 
nrows 200 
xllcenter 454005.000 
yllcenter 4574005.000 
cellsize 10.000 
nodata_value -9999 
[rows 76 to 113 of 200, columns 0 to 83 of 200]
1.49 0.62 1.67 0.21 3.07 3.22 3.09 5.56 1.61 4.58 0.12 0.13 0.26 1.71 0.51 1.91 3.19 2.59 2.13 2.91 0.42 1.49 1.76 0.09 0.11 0.37 0.65 3.99 2.80 3.19 1.21 0.89 1.08 1.19 0.99 2.53 1.46 0.92 0.96 3.89 2.30 3.35 3.34 0.21 2.94 3.12 4.13 6.65 1.45 7.95 6.93 7.53 7.28 7.76 9.53 8.72 0.95 1.43 3.27 4.51 5.78 2.69 4.80 0.49 4.63 0.34 0.19 4.99 4.50 4.21 4.61 4.34 4.32 5.44 2.60 1.74 2.45 3.95 1.75 0.95 0.90 2.77 4.36 0.86
2.34 1.27 0.27 0.18 2.50 2.71 2.18 0.16 5.97 4.44 0.62 5.00 6.32 1.35 0.17 0.55 2.83 0.24 3.41 2.88 1.14 4.78 0.53 0.08 1.25 5.19 1.10 3.76 3.24 2.54 1.16 2.03 3.40 2.68 0.49 2.15 3.50 1.92 0.95 1.59 2.12 2.71 3.71 0.56 1.59 2.58 4.17 3.31 4.30 5.47 5.49 8.03 8.50 8.38 6.82 7.80 5.62 8.01 3.29 3.77 3.51 5.79 0.58 6.33 4.71 3.25 1.45 0.91 4.10 5.47 2.90 6.23 3.57 3.38 1.70 4.00 2.15 2.56 3.52 3.30 2.47 2.96 1.69 0.49
1.33 0.11 0.18 0.49 1.75 4.63 0.18 0.80 5.11 3.80 3.91 2.53 2.11 0.52 0.17 1.39 0.87 0.27 1.84 1.56 0.48 1.93 0.17 0.09 4.87 2.75 4.16 4.28 3.86 5.14 4.34 2.15 3.78 3.36 1.26 0.45 2.87 4.23 0.87 1.63 3.20 1.05 1.06 2.09 3.28 2.65 4.24 1.10 2.86 5.31 5.13 8.15 8.57 8.32 10.06 7.58 7.41 2.22 0.46 10.24 6.50 5.32 0.56 0.59 4.04 1.23 2.88 2.60 3.44 3.11 2.73 2.78 3.41 2.55 2.91 3.04 3.33 2.09 4.87 3.60 1.69 2.40 1.32 2.47
0.56 2.72 1.96 3.57 0.59 4.49 2.34 2.59 0.33 3.69 2.86 0.90 1.41 2.59 2.46 0.23 0.35 0.73 0.13 3.28 0.20 0.21 0.21 0.10 2.79 3.68 0.89 1.77 4.94 3.50 1.87 2.62 2.39 2.05 1.26 0.37 1.21 2.52 1.09 2.58 4.05 0.49 0.35 1.62 2.56 2.65 4.53 3.22 3.01 5.35 7.18 6.92 7.29 8.35 5.81 8.28 4.09 1.78 2.00 4.84 4.36 2.62 2.28 4.50 6.39 1.48 2.86 4.02 1.00 3.36 3.33 4.40 4.32 2.43 2.98 3.01 3.66 1.55 2.62 0.89 1.96 3.25 0.72 1.24
0.39 2.67 3.01 2.59 0.57 1.00 0.43 0.81 2.23 3.50 4.58 3.80 0.95 2.37 0.43 3.55 0.38 0.26 0.13 0.14 4.93 0.16 0.11 0.10 1.53 4.63 0.73 3.26 5.03 4.49 1.52 0.66 0.27 0.59 0.65 0.99 1.13 1.10 1.06 3.38 0.76 0.32 3.93 0.35 1.88 3.15 3.97 4.26 4.76 5.98 8.31 10.29 8.70 4.83 10.01 9.15 8.55 2.23 0.87 5.65 3.92 0.82 1.41 2.27 4.76 2.87 1.04 5.11 1.44 3.45 1.63 3.27 2.42 0.80 2.40 1.18 3.42 3.89 3.71 1.09 2.46 0.64 0.72 2.27
0.32 0.18 0.44 1.54 0.98 4.64 0.11 1.75 3.91 0.13 3.70 4.36 0.56 0.94 0.52 3.79 6.05 6.36 2.66 0.29 0.12 0.14 0.11 0.12 4.15 3.81 0.28 3.42 3.59 2.49 1.77 2.10 1.80 0.26 0.47 1.35 1.50 1.13 0.90 4.88 1.65 0.30 4.87 1.34 2.24 2.77 1.41 5.95 4.79 8.27 8.14 8.34 7.83 6.08 4.33 4.53 5.54 3.16 0.70 6.01 6.44 2.12 0.49 0.75 1.42 2.37 3.59 0.53 2.06 2.56 2.54 4.27 1.69 0.77 0.71 1.34 3.06 1.93 3.67 0.81 0.51 1.85 0.42 1.85
0.18 0.14 2.37 1.88 3.76 3.24 0.25 0.51 0.15 0.14 0.14 0.22 1.58 1.47 5.81 1.70 4.54 0.95 0.99 0.26 0.15 0.22 0.14 0.13 0.76 3.00 3.65 1.02 1.11 2.42 3.57 1.01 0.18 0.35 0.78 1.34 2.50 1.19 1.38 1.44 1.34 0.26 5.46 3.22 1.46 2.54 3.27 4.95 4.16 5.50 5.03 8.23 8.40 6.47 9.36 9.19 8.84 7.11 4.64 3.55 5.29 4.29 5.40 6.43 5.03 2.19 3.42 6.65 4.97 2.83 1.56 6.18 4.50 2.41 2.50 1.34 1.59 2.66 1.43 1.35 1.14 1.43 1.33 1.22
2.13 0.25 1.22 1.11 2.63 0.78 0.28 0.67 0.14 0.12 0.13 0.16 3.26 6.42 4.05 1.52 3.43 0.80 0.68 0.51 0.21 0.18 0.13 0.22 0.14 0.12 1.35 1.76 1.26 3.38 2.08 1.28 0.19 0.44 0.64 1.15 2.10 1.88 3.50 1.07 2.32 0.97 4.54 2.90 2.44 1.74 3.13 4.82 5.69 2.56 5.03 7.20 4.48 6.38 9.55 6.25 8.68 3.30 4.01 5.01 6.95 3.47 5.43 2.31 4.80 1.69 3.81 5.66 6.54 6.47 3.00 2.43 1.56 3.64 4.15 2.05 0.97 0.57 1.99 1.81 2.10 3.21 1.75 0.88
3.55 0.43 0.33 0.74 3.12 1.39 1.16 0.50 0.11 0.12 0.28 0.50 0.41 3.09 2.60 1.29 0.75 0.84 0.86 0.57 0.45 0.47 0.43 0.28 0.14 0.12 1.55 1.47 0.98 1.00 2.33 1.31 0.13 0.26 1.05 1.69 1.89 1.12 2.21 1.10 3.14 3.27 4.82 1.17 0.86 2.15 4.83 5.47 3.64 9.31 7.33 8.82 5.26 7.25 6.80 9.43 8.67 7.37 2.53 7.60 1.79 3.00 3.54 0.73 2.73 5.50 4.94 4.29 1.55 7.34 3.48 3.94 2.65 4.77 3.67 1.68 3.27 1.03 2.03 1.07 2.29 4.43 0.61 1.79
0.65 0.42 4.45 1.44 0.43 2.70 2.63 0.18 0.11 0.13 3.63 1.52 2.71 0.63 6.26 2.64 0.53 0.84 0.89 1.71 0.24 0.41 0.25 0.13 0.14 0.21 1.45 2.12 1.24 2.49 2.67 0.87 0.11 0.57 0.90 1.88 3.66 2.64 2.52 2.24 2.32 1.75 2.33 3.22 3.39 3.57 3.42 3.98 4.81 3.46 5.44 8.33 9.06 7.45 8.32 7.28 4.98 6.72 5.97 6.95 1.11 2.20 4.15 2.90 3.71 5.73 5.28 3.48 2.22 4.26 5.09 2.44 5.56 1.74 1.19 0.75 0.84 1.49 1.56 2.68 0.63 2.77 2.14 4.94
0.67 0.13 5.84 3.86 0.65 1.42 1.41 0.13 0.11 0.10 3.57 1.64 1.40 0.53 3.51 3.11 2.09 0.72 0.80 0.33 0.41 0.81 0.87 0.24 0.14 0.20 2.94 2.80 3.51 1.11 1.70 0.43 0.27 0.70 1.87 2.35 2.86 1.83 1.27 2.58 2.80 2.16 0.23 2.23 6.01 4.40 4.14 5.48 6.27 7.44 6.89 4.74 7.62 4.57 9.75 4.38 6.43 5.80 5.47 4.10 0.74 2.49 4.49 0.55 4.44 3.93 4.06 3.36 5.49 3.49 0.62 1.09 1.43 0.96 0.55 2.39 1.61 0.65 0.57 3.46 8.54 2.50 1.49 1.09
2.88 0.17 0.17 0.58 3.50 5.07 2.95 0.14 0.10 0.10 1.14 1.08 1.42 0.38 1.31 2.28 2.36 1.02 1.36 0.86 0.47 1.02 0.89 0.19 0.17 0.16 0.66 1.20 4.54 1.27 0.92 0.50 0.37 0.43 0.91 1.05 1.36 1.03 1.06 0.86 1.86 1.53 2.97 4.42 4.84 4.18 5.37 4.00 6.27 9.03 6.89 7.19 6.54 7.29 6.01 4.13 4.33 5.75 11.28 4.55 0.45 0.46 2.03 5.15 3.66 5.01 3.06 4.12 4.29 3.14 1.24 2.20 1.02 4.19 1.39 1.54 3.45 3.95 3.49 3.66 0.94 5.01 1.13 1.61
0.23 0.12 0.19 0.39 0.67 7.97 0.10 0.16 0.11 0.13 0.17 0.20 0.13 0.30 0.16 2.40 3.21 0.14 0.21 0.31 0.17 2.11 2.97 0.20 0.48 1.95 0.67 3.32 3.83 3.02 1.09 0.29 0.63 1.70 1.14 0.87 1.51 1.01 1.13 0.93 0.40 0.38 2.48 2.19 1.65 3.22 6.09 6.66 8.20 6.23 7.32 7.32 6.98 9.59 5.60 7.63 6.72 4.80 8.08 10.15 0.59 5.54 6.13 3.86 5.48 4.32 3.18 7.00 4.35 1.80 3.39 1.97 3.14 5.68 0.57 1.64 1.36 4.18 2.54 3.44 1.08 2.23 0.85 1.15
0.17 0.14 3.93 2.99 0.21 0.12 0.11 0.15 0.15 0.14 0.14 0.22 0.25 0.16 1.46 0.15 1.68 0.15 0.16 0.20 0.15 0.23 0.14 0.19 0.75 5.98 0.37 4.10 3.96 1.73 3.08 0.32 0.73 2.40 0.90 0.83 2.57 2.43 3.15 2.97 0.90 0.45 0.39 0.89 0.22 1.96 3.12 5.97 6.78 5.96 6.92 6.76 3.61 8.70 4.35 7.43 6.18 5.44 7.41 1.46 4.19 7.09 4.56 5.15 2.30 5.04 0.77 2.47 6.13 3.08 4.07 1.34 1.88 0.43 0.46 0.97 0.95 0.40 1.58 1.15 1.54 1.79 0.74 0.93
2.20 0.87 2.01 1.31 2.84 4.34 0.19 0.21 0.13 0.09 0.32 0.22 0.14 0.14 0.14 0.14 0.17 0.15 0.17 0.93 2.48 0.22 0.15 0.20 0.18 0.07 0.57 3.02 4.45 2.17 2.93 0.39 0.90 1.12 0.84 0.46 1.09 1.68 1.82 1.49 0.52 0.52 0.62 0.40 0.40 3.86 4.80 2.66 3.90 7.24 8.64 5.63 6.47 7.93 5.38 3.85 4.25 4.74 5.29 0.46 2.78 4.13 2.45 2.75 4.32 6.44 4.06 2.61 1.03 1.71 2.69 1.18 0.88 2.16 1.11 0.79 1.23 0.94 6.20 1.24 0.81 3.77 5.47 1.34
0.29 0.17 1.33 0.12 0.11 0.15 2.48 0.12 0.11 0.39 2.01 0.24 0.17 0.12 0.19 0.12 0.15 0.17 0.14 0.21 0.95 0.16 0.16 0.18 0.38 3.96 1.31 4.16 3.83 3.93 4.94 1.22 1.95 1.49 0.59 0.32 0.91 2.81 3.54 1.51 1.25 0.70 0.59 0.62 0.40 2.50 6.24 4.53 5.46 2.01 7.38 7.68 6.66 5.29 6.48 4.47 7.04 5.06 8.27 9.15 2.79 4.01 3.47 6.73 4.65 4.86 4.15 5.32 0.72 5.67 1.95 1.57 1.88 2.18 0.82 1.49 1.01 0.71 7.68 2.43 1.16 0.74 6.36 6.95
0.46 0.18 0.12 0.11 0.18 5.23 3.84 1.97 0.10 0.10 2.88 0.22 0.15 0.11 0.12 0.13 0.18 0.11 0.13 0.23 0.15 0.59 0.29 0.20 0.18 0.14 2.36 2.18 2.46 1.92 3.40 2.85 2.42 1.35 0.65 0.58 0.85 1.05 2.62 0.82 2.31 0.87 0.52 0.85 2.18 4.33 5.05 5.03 5.38 6.49 5.88 6.23 7.96 4.93 6.48 4.54 6.83 2.54 3.59 5.63 4.66 4.50 3.31 2.41 0.51 4.26 1.50 4.24 5.94 6.26 2.98 3.99 0.99 1.29 1.32 0.79 1.95 1.59 2.07 0.63 3.23 0.58 8.04 4.54
0.17 0.21 2.15 0.11 7.03 0.52 0.14 0.11 0.12 2.65 3.47 0.14 0.14 0.22 2.05 0.13 0.14 2.52 0.15 0.19 0.15 3.80 2.28 0.15 0.15 0.20 3.08 2.04 1.75 2.32 2.58 0.83 1.14 1.10 0.62 0.43 0.56 2.78 3.68 1.39 1.77 1.23 1.40 2.18 5.26 6.72 6.26 6.28 5.69 6.16 6.62 5.91 4.00 2.57 8.44 7.73 2.48 5.17 8.28 6.58 0.96 0.85 1.89 3.01 0.97 2.94 0.52 3.92 4.02 4.68 4.46 2.83 2.85 2.97 1.47 1.87 4.66 2.34 0.62 1.80 0.48 1.74 2.24 0.78
0.25 0.12 0.11 0.14 2.76 0.46 0.18 0.32 0.71 2.65 3.81 0.22 0.11 0.10 0.13 0.12 0.23 2.30 0.20 0.10 0.14 0.96 2.78 0.16 0.23 0.25 3.30 1.47 3.33 1.36 1.77 0.79 1.11 1.33 0.99 0.79 1.49 1.45 3.97 1.66 1.66 1.85 2.73 4.22 5.76 6.83 5.48 5.45 4.68 4.98 5.11 6.66 7.73 5.01 7.61 1.46 8.03 4.48 3.21 4.60 2.27 3.07 3.67 3.87 4.28 5.30 1.15 1.26 1.44 1.99 3.11 0.76 0.50 3.55 3.19 0.89 2.62 0.95 2.75 0.49 1.80 0.39 0.61 0.48
0.26 0.09 0.13 0.12 3.76 2.31 0.61 1.58 0.19 1.35 0.67 0.90 3.55 0.17 0.12 0.09 0.22 3.30 0.25 0.12 0.14 0.16 0.16 0.21 2.77 0.13 0.93 2.22 0.90 3.37 1.94 0.71 0.88 0.83 0.60 0.62 1.35 1.77 1.03 1.22 3.05 0.21 3.37 3.61 4.64 5.33 2.24 1.15 3.40 5.94 5.24 6.05 5.61 2.95 3.51 0.42 5.30 4.17 3.94 5.27 3.20 3.82 4.76 5.40 5.13 4.25 3.21 3.56 1.95 5.27 0.93 3.62 0.30 2.21 2.12 4.23 3.62 2.69 1.15 1.64 0.99 5.02 2.34 0.46
2.56 0.10 0.13 0.28 1.83 1.46 1.06 0.45 0.20 1.01 3.52 1.30 0.14 0.17 0.10 0.19 2.80 2.34 1.13 0.17 0.18 0.18 0.14 0.88 3.24 0.13 0.28 1.14 1.91 1.20 1.69 0.84 0.82 1.75 2.03 0.68 2.94 3.51 2.34 1.04 1.08 0.75 0.90 2.98 3.63 6.14 7.05 4.33 1.95 6.33 5.98 4.16 3.58 8.21 6.97 0.39 4.67 5.74 4.30 4.93 3.01 2.45 2.70 5.91 5.61 3.22 4.16 3.20 3.41 4.63 2.57 3.00 1.51 5.96 1.24 1.05 1.20 0.84 0.69 0.35 0.41 0.52 4.15 0.30
1.86 0.11 0.14 1.06 2.30 2.08 3.66 3.10 0.95 2.01 1.04 4.13 0.19 0.19 0.14 0.23 1.87 2.55 0.57 4.40 0.24 0.16 0.18 0.59 0.21 1.46 0.20 2.39 2.34 2.71 1.00 0.84 0.90 0.99 0.75 0.96 0.98 3.58 1.74 1.24 0.59 0.48 0.32 0.85 2.56 6.33 4.45 2.79 4.40 5.96 6.54 1.19 4.00 6.00 4.51 0.41 6.23 5.72 4.14 2.75 2.15 2.80 3.99 3.15 2.28 4.93 4.48 2.80 4.37 4.29 1.99 5.85 3.49 2.61 0.46 0.49 1.06 1.22 0.77 0.28 0.56 0.39 0.54 0.28
0.38 3.63 2.31 3.83 2.27 0.84 0.20 0.46 0.15 0.21 0.15 2.64 1.26 0.18 0.20 1.47 2.95 0.12 0.12 3.29 0.93 0.27 0.31 0.28 0.13 1.64 0.21 0.23 2.79 1.31 3.62 1.18 0.82 0.79 0.77 1.08 1.72 1.22 1.34 0.70 0.19 0.18 0.18 3.45 4.98 0.83 3.24 3.91 4.50 4.19 5.86 3.77 5.16 6.53 7.04 1.71 6.32 7.57 4.15 2.58 2.83 3.64 5.04 5.94 5.60 3.35 3.75 1.42 2.97 2.65 3.30 2.74 2.23 3.82 2.87 1.61 1.38 1.31 0.29 0.51 0.47 0.36 1.50 1.26
0.61 0.14 0.25 0.09 1.72 4.31 0.20 0.85 0.16 0.10 0.13 0.13 2.63 1.84 2.24 0.51 2.12 3.71 1.59 0.78 0.19 0.23 0.21 0.17 0.14 1.72 2.97 0.21 1.80 0.66 3.37 1.22 0.82 0.82 0.35 0.87 2.43 2.44 0.97 0.68 0.23 0.64 1.32 2.64 3.12 3.76 3.20 5.63 5.44 5.23 2.96 5.06 5.84 5.62 4.18 6.67 0.47 5.87 4.21 2.15 1.18 4.52 3.48 4.14 5.58 4.62 3.20 2.08 0.88 4.18 2.08 2.94 0.66 1.81 7.39 1.93 1.18 0.71 0.39 0.36 0.28 0.73 0.34 0.28
1.30 6.47 2.34 0.09 7.07 5.90 0.93 0.66 0.34 0.11 0.16 4.77 0.17 0.81 2.39 0.10 0.73 4.20 0.59 0.20 0.12 0.29 0.26 0.23 0.62 0.27 0.22 0.41 1.54 0.95 3.87 0.51 0.78 0.73 0.73 3.02 4.66 3.11 0.21 0.44 0.54 0.68 2.02 2.70 4.36 6.64 3.87 6.29 6.12 4.91 4.22 5.21 4.34 4.87 4.63 4.34 0.21 4.56 2.92 5.51 2.79 4.20 5.16 1.52 2.29 3.29 3.71 1.24 0.93 1.41 1.99 1.07 0.67 0.87 2.53 6.42 2.33 1.19 0.79 1.36 0.47 0.30 3.49 0.28
1.33 5.31 0.13 1.67 0.16 0.15 1.96 0.41 0.30 0.12 0.26 0.12 0.13 0.14 0.21 0.08 0.18 2.50 0.13 0.09 0.13 0.16 0.19 0.39 0.20 0.36 0.22 0.36 1.12 1.58 1.74 0.30 0.38 1.65 1.99 2.77 4.90 3.42 0.32 0.42 0.24 2.11 0.92 3.49 2.95 3.94 4.48 5.05 5.33 4.81 3.38 5.82 4.25 3.97 4.80 5.51 0.52 8.77 3.62 5.92 0.41 1.73 4.79 4.24 4.48 4.42 3.26 2.62 2.10 1.74 0.78 2.94 1.67 0.48 1.02 4.19 1.90 2.57 2.34 1.47 1.58 2.00 0.56 0.58
4.12 3.31 3.02 4.22 3.90 3.08 3.96 2.97 0.20 0.14 0.15 0.12 0.23 4.60 1.95 0.09 3.04 0.18 0.13 0.16 0.13 0.62 0.23 0.16 1.74 2.25 2.19 0.22 1.10 1.26 0.78 0.28 1.24 1.95 5.68 3.45 4.12 1.24 2.91 0.53 1.80 1.96 1.63 2.13 3.24 4.98 5.14 6.25 7.79 6.63 0.84 6.11 3.58 3.76 4.17 4.54 5.75 2.18 6.35 3.16 2.90 2.79 1.69 3.62 3.91 3.19 2.45 3.67 3.06 3.50 1.41 2.44 0.85 2.61 1.89 4.48 0.68 1.13 3.25 2.57 1.23 1.78 0.18 1.00
3.78 0.50 1.79 2.65 3.48 1.08 6.40 5.63 0.24 3.14 0.16 0.15 3.08 0.76 0.09 6.22 5.98 0.18 0.11 0.13 0.53 1.22 0.21 0.16 0.24 0.70 0.50 0.19 0.42 1.03 2.28 0.52 0.70 3.26 1.47 1.18 1.64 0.86 3.53 0.93 1.13 1.29 4.02 2.97 3.69 3.82 3.69 6.95 7.22 8.38 1.45 7.31 3.99 2.48 8.42 5.71 1.93 7.22 2.99 3.36 1.73 1.83 2.52 5.05 4.83 3.48 1.48 2.18 1.86 1.68 3.37 3.07 1.53 0.48 0.34 0.61 2.31 6.06 1.24 1.48 1.57 0.73 0.34 1.81
1.67 0.14 3.95 3.20 2.43 0.43 0.13 1.91 4.25 0.71 0.15 0.11 3.80 0.39 0.11 5.03 1.72 0.12 0.16 0.11 0.17 0.19 0.15 0.25 0.17 0.15 0.24 0.28 0.40 1.37 0.49 0.68 0.84 1.48 2.06 1.04 0.93 1.21 0.77 0.88 3.93 1.87 1.76 1.30 1.09 3.56 3.89 5.55 6.82 1.76 1.14 8.84 5.96 5.18 9.31 2.51 5.15 6.65 4.99 4.81 4.51 3.07 3.00 1.66 3.99 2.91 1.18 2.30 1.83 2.56 0.62 0.62 1.96 0.41 0.78 1.14 0.53 0.77 1.12 1.27 2.09 0.84 1.19 3.99
0.44 1.88 0.94 0.68 2.53 7.17 0.11 2.68 0.97 8.37 0.21 0.15 3.16 0.19 1.15 3.80 0.16 0.23 0.13 0.14 0.23 0.18 0.16 0.17 0.18 0.19 0.28 0.24 0.38 1.24 0.13 1.01 3.29 2.15 0.82 0.73 0.72 1.29 0.81 2.90 2.55 1.47 2.89 2.39 1.50 3.75 2.83 7.67 7.50 0.55 7.72 6.63 6.38 5.95 5.04 2.56 1.09 5.14 3.91 4.22 5.39 3.14 1.41 1.21 2.84 2.98 0.61 4.03 1.18 2.49 3.50 0.39 2.07 1.54 0.86 0.28 0.40 1.51 2.19 3.51 1.30 6.47 1.05 1.70
1.34 1.01 0.95 0.97 0.20 0.14 4.66 5.51 0.08 0.09 2.65 3.12 3.00 2.88 0.26 0.26 0.18 0.21 0.16 0.53 0.20 0.13 0.23 0.20 0.18 0.57 0.63 0.26 0.25 1.40 1.72 0.78 1.28 3.64 1.47 3.80 3.18 2.51 0.71 1.23 2.69 3.63 2.50 1.69 1.69 2.71 3.94 5.42 0.67 7.38 4.37 7.43 7.83 4.64 3.24 6.20 2.77 4.31 5.58 4.02 4.75 3.85 3.97 3.06 1.51 0.45 2.71 2.73 0.93 2.89 0.98 0.76 0.94 0.46 0.34 0.24 0.37 1.56 1.34 0.37 0.68 1.08 6.57 1.93
0.79 0.64 0.68 1.00 2.14 3.79 2.94 2.76 0.80 5.03 0.53 0.91 2.54 4.30 3.65 0.17 0.13 0.31 0.13 0.16 0.22 0.14 0.18 0.19 0.16 0.19 0.17 0.20 0.34 0.65 1.22 2.18 2.02 2.33 1.82 3.05 4.30 4.20 3.02 4.20 6.71 3.20 2.13 3.41 3.18 5.56 0.72 4.56 3.02 6.77 5.04 5.37 5.38 4.05 0.33 4.20 3.16 3.19 4.58 3.32 3.02 2.91 2.16 3.93 1.78 0.52 2.53 1.41 1.17 2.61 0.20 0.56 2.45 2.50 1.12 0.46 0.38 3.33 2.65 0.78 2.15 1.16 2.64 2.15
1.01 0.71 0.72 0.37 1.11 1.90 0.13 0.13 2.37 0.13 0.12 0.17 0.16 1.75 1.73 0.18 0.12 0.13 0.15 0.18 0.14 0.16 0.17 0.16 0.17 0.19 0.17 0.22 0.28 0.66 1.36 3.62 3.16 4.96 3.54 4.45 5.83 2.69 2.40 4.28 3.92 6.20 4.94 3.15 3.92 4.80 3.48 3.38 2.42 2.15 3.19 3.71 7.54 2.91 4.58 2.67 5.11 0.43 4.34 2.04 2.59 3.01 3.55 1.57 1.93 0.37 3.79 2.87 2.90 0.65 0.46 2.43 1.39 0.80 0.47 1.62 2.34 0.31 0.99 0.24 1.23 7.33 1.52 1.21
0.83 0.73 0.70 1.73 0.85 0.16 0.13 0.11 2.68 0.12 1.79 3.64 1.10 0.14 0.15 0.16 0.14 0.15 0.14 0.15 0.15 0.16 0.24 0.16 0.17 0.27 0.37 0.19 0.17 3.55 4.97 3.13 3.87 4.70 4.29 3.07 2.91 3.62 2.17 6.30 3.26 3.36 3.13 2.85 2.66 3.66 6.03 6.06 1.94 3.29 3.69 5.94 5.08 1.76 2.12 2.35 8.06 1.65 4.74 3.44 6.20 3.58 2.21 1.30 1.35 0.64 3.02 2.60 0.32 3.53 1.58 2.80 0.34 4.72 2.34 3.07 3.97 0.63 0.98 0.43 1.03 2.48 1.29 1.18
0.75 0.68 4.63 0.16 0.12 1.55 0.12 0.11 0.14 2.56 0.42 0.31 0.13 0.11 0.13 0.13 0.14 0.17 0.14 0.16 0.16 0.17 0.19 0.22 0.34 0.24 0.17 0.15 0.22 2.88 2.43 4.01 3.67 2.15 3.08 3.06 2.86 2.56 1.96 1.03 0.99 1.92 3.66 3.37 2.22 2.47 4.74 5.07 4.62 3.66 6.81 2.42 4.20 4.69 4.25 4.14 2.43 5.33 5.52 1.78 6.34 4.29 2.04 1.18 1.14 1.02 1.46 1.05 1.55 1.34 2.00 2.67 2.13 1.90 2.09 2.15 2.97 0.43 0.30 0.33 0.95 1.35 2.10 0.69
0.43 1.04 2.50 1.25 0.16 0.16 0.10 0.12 1.80 0.51 3.10 0.16 0.34 0.12 0.13 0.20 0.11 0.11 0.15 0.17 0.24 0.16 0.20 0.59 0.43 0.17 0.23 0.20 1.06 3.19 0.78 3.86 3.67 1.30 2.11 3.09 0.96 2.94 0.25 0.16 0.60 0.62 1.45 1.99 2.15 5.21 5.96 6.75 0.25 3.59 2.04 2.70 4.20 3.89 4.29 3.11 4.66 5.95 1.20 0.89 6.04 2.57 2.74 0.86 0.97 0.70 0.82 1.92 1.67 2.19 3.82 0.27 0.72 0.51 1.26 4.17 1.24 1.67 0.52 0.52 0.34 0.76 1.02 2.28
0.15 2.03 3.18 0.15 0.12 0.12 0.09 0.08 0.53 0.55 0.34 0.12 0.21 0.20 0.17 0.19 0.14 0.19 0.16 0.23 0.22 0.14 0.26 0.23 0.39 0.40 1.24 1.62 1.07 1.48 1.76 1.34 1.86 0.72 1.08 1.12 2.27 2.94 0.35 0.67 0.34 0.96 1.93 1.31 3.28 2.64 4.96 3.74 6.48 0.47 0.76 5.28 7.01 3.85 5.43 2.90 4.97 7.92 5.43 0.47 5.91 3.50 2.98 1.63 0.47 0.77 0.64 1.36 1.41 2.59 2.75 3.45 0.76 0.85 0.32 0.99 2.76 0.60 0.93 0.70 0.70 0.51 1.16 1.53
0.13 0.19 0.71 0.14 0.09 0.12 0.18 0.14 0.57 0.50 0.11 0.13 0.23 0.23 0.29 0.15 0.11 0.35 0.20 0.22 0.23 0.20 0.28 5.06 1.46 1.54 2.05 1.41 1.51 1.13 1.57 1.41 1.23 0.96 0.97 1.11 0.99 0.44 0.97 1.30 0.97 0.75 1.43 1.41 6.29 5.65 4.19 4.14 4.41 0.09 7.83 5.34 7.16 4.92 3.74 4.30 5.99 3.65 6.14 1.14 1.96 1.52 1.83 0.86 0.60 0.55 2.40 1.26 2.30 1.55 1.21 1.92 4.76 1.92 3.14 3.21 1.26 0.47 0.28 0.92 0.42 0.29 1.11 1.16
