packages/cartolidar/cartolidar-0.0a14-py3-none-any.whl/cartolidar/data/asc/Riaza/454_4576_2017_Alt95.asc
ncols 200 
nrows 200 
xllcenter 454005.000 
yllcenter 4574005.000 
cellsize 10.000 
nodata_value -9999 
[rows 152 to 189 of 200, columns 0 to 83 of 200]
0.32 0.16 0.22 0.32 0.24 0.17 0.18 0.17 0.19 0.30 0.16 0.20 0.32 0.14 0.17 0.28 0.16 0.27 0.16 0.14 0.12 0.19 0.23 0.25 0.28 0.26 0.28 0.17 0.17 0.28 0.17 0.42 1.32 2.13 5.82 4.60 4.21 0.98 1.42 1.70 2.46 2.73 1.26 4.83 1.41 1.50 6.65 0.80 2.85 0.43 3.92 0.25 0.46 0.36 6.02 5.05 5.21 2.86 4.61 4.70 2.17 2.88 4.52 2.52 2.00 1.92 2.85 2.50 3.24 2.28 0.61 2.64 2.76 5.16 3.42 2.30 3.00 1.93 2.43 3.58 3.13 3.03 2.50 3.09
0.15 0.14 0.18 0.16 0.26 0.22 0.17 0.21 0.21 0.25 0.20 0.18 0.16 0.17 0.24 0.20 0.14 0.21 0.20 0.20 0.19 0.18 0.18 0.20 0.29 0.29 0.26 0.36 0.18 0.22 0.20 0.64 3.36 1.68 8.12 6.08 3.52 0.89 2.76 0.98 1.36 0.90 3.59 5.88 1.75 1.85 6.58 2.13 0.54 0.72 0.50 0.31 0.19 5.21 3.05 4.06 4.33 5.89 3.40 4.24 4.39 4.64 5.51 3.11 1.28 2.96 4.92 2.18 2.06 1.73 1.34 3.15 4.09 2.22 2.82 2.13 1.86 1.55 1.27 2.94 2.25 1.90 2.66 0.79
0.13 0.12 0.33 0.14 0.32 0.24 0.15 0.17 0.18 0.12 0.34 0.23 0.18 2.57 0.27 0.18 0.13 0.18 0.16 0.21 0.16 0.19 0.17 0.22 0.26 0.24 0.24 0.27 0.19 0.60 0.18 0.14 2.99 3.16 8.12 3.08 3.44 5.71 2.55 0.69 0.53 3.05 3.09 3.03 5.33 4.03 0.48 5.09 4.94 1.75 0.24 0.48 8.70 0.33 5.24 5.07 3.90 4.34 4.67 4.97 5.21 6.45 6.32 3.38 7.10 6.39 3.73 3.79 4.43 2.24 6.01 2.42 2.06 1.59 3.01 1.11 1.97 3.42 2.36 2.90 3.81 2.51 2.59 1.99
0.16 0.35 0.15 0.19 0.22 0.26 0.24 0.13 0.17 0.24 0.25 3.27 3.47 0.18 0.22 0.18 0.12 0.16 0.15 0.21 0.20 0.19 0.21 0.22 0.23 0.22 0.24 0.22 0.24 0.24 0.23 0.22 0.96 1.21 5.67 1.47 3.77 1.11 0.73 0.70 0.39 1.79 3.51 5.58 3.09 5.22 6.92 3.01 1.57 3.24 4.83 1.46 0.58 0.36 5.63 4.31 5.35 6.18 3.36 6.29 5.63 7.34 7.40 2.56 5.64 6.90 2.10 5.27 5.39 2.55 7.16 4.95 3.24 2.80 4.17 3.73 1.27 1.21 1.72 0.50 0.99 2.24 2.42 3.53
0.38 0.18 0.24 0.30 0.21 0.16 0.14 0.21 0.21 0.30 0.19 0.17 3.65 0.75 0.15 0.14 0.12 0.18 0.15 0.19 0.20 0.20 0.19 0.24 0.19 0.24 0.24 0.18 0.20 0.23 0.19 0.21 0.81 1.11 3.63 2.12 2.85 1.01 1.31 0.55 0.39 1.40 2.68 1.23 3.72 7.17 6.97 2.21 2.12 3.42 1.94 3.46 1.31 3.21 5.07 3.22 2.56 6.91 5.02 0.38 7.46 6.56 3.36 7.87 7.59 8.34 7.42 7.39 4.23 2.48 5.92 3.08 4.46 4.95 1.53 1.28 2.74 1.69 2.33 0.53 1.98 2.53 2.68 3.57
0.13 0.12 0.17 0.24 0.19 0.20 0.18 0.25 0.18 0.12 0.19 0.19 0.64 1.05 1.30 0.38 0.14 0.16 0.14 0.26 0.18 0.19 0.27 0.19 0.21 0.24 0.26 0.23 0.23 0.21 0.22 0.21 0.99 1.08 0.67 5.80 3.47 1.38 2.27 0.74 0.60 0.70 5.17 2.99 1.99 2.95 0.44 2.44 4.84 4.35 2.32 3.19 3.40 0.29 6.57 4.60 4.91 0.61 4.03 7.90 5.32 9.72 6.53 8.44 7.70 8.60 5.60 6.86 8.19 9.32 8.29 1.53 6.61 4.96 3.28 1.91 1.48 1.64 0.90 0.61 2.13 1.59 2.03 1.82
0.18 0.15 0.11 0.19 0.18 0.17 0.22 0.10 0.16 0.17 0.19 3.19 4.63 1.13 1.15 0.86 0.16 0.17 0.18 0.25 0.25 0.18 0.15 0.23 0.19 0.22 0.82 0.25 0.24 0.24 0.17 0.19 0.64 1.17 0.40 0.70 3.57 0.96 0.98 0.63 0.83 0.39 3.40 4.82 2.82 2.99 2.43 4.84 3.47 3.08 2.41 7.08 7.82 4.37 5.85 2.43 0.44 0.34 0.61 6.29 5.97 2.39 5.93 7.00 8.86 7.41 6.54 7.10 8.46 10.08 2.85 2.26 3.23 4.04 2.61 0.73 0.99 1.03 2.06 0.88 2.50 1.54 1.26 2.01
0.11 0.13 0.24 0.20 0.11 0.17 0.32 0.13 3.12 0.17 0.26 3.36 1.00 1.39 1.21 3.31 2.64 0.20 0.16 0.20 0.23 0.19 0.18 0.25 0.18 0.22 0.31 0.25 0.22 0.31 0.29 0.18 1.13 1.13 1.08 0.97 5.48 1.31 2.85 1.25 1.86 0.79 2.57 2.74 1.12 4.15 0.25 1.22 2.57 1.21 8.66 4.44 5.47 0.19 7.51 1.24 6.22 0.45 0.49 0.78 4.43 1.17 4.73 5.55 6.09 2.21 7.19 6.10 7.81 5.97 5.16 5.93 8.08 5.18 2.62 4.22 1.72 2.90 2.95 2.12 1.03 1.18 2.28 3.49
0.10 0.19 0.18 0.11 0.12 1.62 0.17 0.15 0.14 0.12 0.16 0.35 0.81 1.59 3.11 1.23 0.70 0.15 0.26 0.26 0.24 0.19 0.20 0.26 0.21 0.26 0.24 0.25 0.24 0.17 0.26 2.77 0.86 1.17 1.62 4.45 3.12 3.15 3.62 1.79 0.63 0.21 1.15 2.43 0.27 2.75 2.24 3.87 2.30 1.32 11.80 0.54 0.20 1.55 7.15 0.59 1.62 0.89 0.67 0.54 5.31 5.89 2.95 0.50 3.08 5.79 5.77 6.52 9.62 7.41 4.66 5.88 0.58 6.91 6.49 6.08 3.46 1.71 0.62 1.25 2.33 3.10 3.51 2.62
0.41 0.18 0.12 0.17 0.54 3.19 0.24 0.26 0.16 0.40 0.12 0.54 1.18 0.83 0.40 3.09 0.78 0.12 0.19 0.28 0.24 0.15 0.21 0.31 0.23 0.23 0.44 0.24 0.28 0.25 2.57 2.68 1.33 1.08 1.16 3.60 5.26 2.24 3.23 3.91 0.60 0.99 4.07 0.47 0.97 0.69 2.67 2.93 2.49 6.44 5.23 0.11 3.67 0.71 1.73 3.08 4.89 5.49 3.83 1.71 3.10 3.53 4.47 4.73 4.47 4.63 3.87 7.31 8.25 8.13 8.68 7.75 0.45 9.58 9.16 8.62 6.26 1.80 3.76 1.84 2.68 1.18 0.78 2.08
3.04 0.43 0.11 1.11 0.85 0.12 0.35 0.18 0.20 3.82 0.12 0.18 0.16 0.30 4.84 1.07 0.22 0.12 0.20 0.24 0.18 0.22 0.22 0.21 0.29 0.35 0.30 0.33 0.23 0.18 0.23 3.72 1.05 1.50 1.37 1.11 2.83 5.89 2.36 3.35 5.28 3.41 1.21 0.98 0.81 4.69 4.59 7.45 6.71 7.33 9.33 0.10 0.19 0.85 1.03 0.91 2.12 2.89 5.32 5.91 2.17 1.28 1.39 6.64 3.19 4.71 4.38 7.60 8.05 4.45 4.84 8.21 1.50 7.34 9.86 8.87 6.12 6.41 6.11 5.88 1.03 3.29 2.00 2.88
0.97 3.95 1.06 0.89 5.21 1.37 0.23 0.29 0.17 0.30 0.15 0.17 1.32 0.13 0.19 0.13 0.19 0.18 0.29 0.30 0.26 0.27 0.26 0.31 0.26 0.48 0.72 0.28 0.31 0.29 0.15 0.26 1.52 1.33 0.37 5.76 6.80 7.08 3.14 1.41 3.31 3.51 3.06 1.49 2.46 6.33 4.00 6.75 0.38 0.92 0.65 0.15 3.77 0.41 0.86 1.07 0.87 3.74 5.58 6.26 3.13 3.89 3.59 3.41 5.01 4.32 2.08 6.26 5.44 4.62 8.70 5.15 7.43 7.42 9.44 6.25 6.60 5.69 6.78 5.85 1.82 2.72 3.07 2.95
5.28 1.17 0.96 0.83 1.38 5.46 0.96 0.18 0.17 0.42 0.16 4.13 0.16 0.13 0.17 0.16 0.17 0.23 0.36 0.30 0.28 0.29 0.28 0.33 0.35 0.43 0.41 0.23 0.35 0.21 0.32 1.55 1.14 0.93 1.59 4.70 2.54 0.33 4.11 3.14 5.54 1.48 1.85 1.93 3.12 1.74 3.62 7.31 1.16 6.84 6.91 1.72 1.89 0.92 7.30 2.55 2.57 2.60 3.89 7.04 4.75 2.27 9.90 8.76 7.97 5.33 0.21 2.01 4.55 3.40 1.48 4.80 5.01 8.14 8.39 8.64 2.37 9.32 9.72 6.81 5.38 3.31 2.55 2.71
0.11 0.19 1.04 1.11 1.28 1.19 1.15 0.24 0.17 0.22 0.16 0.32 0.30 1.74 0.24 0.19 0.28 0.28 0.40 0.39 0.33 0.31 0.32 0.37 0.34 0.39 0.32 0.28 0.24 0.33 0.26 0.33 1.47 5.28 2.39 3.86 3.96 0.28 1.36 6.56 1.56 5.84 3.39 2.87 4.75 1.24 4.14 4.62 6.63 1.62 1.91 0.91 1.59 0.86 3.33 2.59 0.99 0.88 0.66 0.90 8.95 8.12 8.45 0.27 7.23 8.09 5.37 3.91 4.49 5.18 2.28 2.82 4.83 5.98 8.73 8.03 5.51 10.18 1.56 7.19 5.43 1.82 3.04 2.92
0.32 0.14 2.94 0.15 0.19 0.81 3.41 1.38 0.27 0.23 0.20 2.82 2.48 0.27 0.33 0.26 0.30 0.34 0.37 0.32 0.49 0.32 0.35 0.37 0.31 0.30 0.19 0.20 0.23 0.20 0.38 0.52 1.50 1.28 1.13 3.50 3.81 0.53 5.43 5.47 3.77 1.34 4.93 3.32 3.37 1.00 1.10 3.62 5.74 4.00 2.93 2.67 3.08 7.57 6.65 3.76 3.71 0.96 5.25 3.79 3.75 0.67 0.66 0.19 0.11 8.06 6.23 0.33 7.95 5.76 4.27 2.79 4.83 6.94 1.38 5.30 6.12 2.74 1.50 7.19 5.43 3.51 1.93 3.60
0.09 0.15 4.16 0.14 0.11 0.17 0.17 0.51 0.18 0.25 1.62 0.30 0.27 0.38 0.26 0.35 0.36 0.77 0.36 0.35 0.40 0.36 0.32 0.41 0.68 0.81 0.30 0.85 1.43 1.15 0.87 3.35 0.96 1.07 1.08 2.58 2.31 0.25 4.25 8.27 5.18 4.05 4.74 7.14 7.95 5.66 2.70 3.38 7.00 5.86 2.91 3.86 7.67 9.20 3.22 6.76 2.45 3.04 4.07 3.46 6.20 7.08 1.16 4.56 6.58 5.33 0.11 1.35 10.29 2.23 7.86 4.75 5.68 6.48 8.06 7.64 7.54 2.06 6.22 7.42 6.65 2.83 6.77 3.34
0.14 0.15 0.17 0.10 0.14 0.22 0.16 0.18 3.79 1.12 0.26 0.28 0.30 0.35 0.34 0.34 0.38 0.33 0.41 0.42 0.39 0.65 0.67 0.82 1.13 0.94 1.14 0.75 0.69 1.20 0.67 0.64 0.49 1.12 2.80 5.08 7.08 0.68 1.06 6.87 0.79 2.26 0.39 0.33 2.13 0.51 0.68 2.46 7.14 1.01 2.46 0.52 0.23 6.03 0.95 0.30 0.54 0.47 0.24 0.21 1.92 7.64 1.73 9.23 10.05 0.12 0.18 1.91 1.95 0.25 9.97 7.04 5.57 8.45 6.04 8.34 9.75 4.91 4.81 3.77 6.60 5.96 8.16 3.50
0.17 0.45 0.22 0.19 0.16 0.15 0.14 0.18 0.24 0.31 0.31 0.48 0.41 0.45 0.35 0.37 0.54 0.52 0.51 0.53 1.90 3.17 0.43 0.41 1.01 1.33 1.06 1.40 1.32 1.17 0.73 0.86 0.39 3.38 6.71 4.81 0.10 0.18 0.94 6.63 7.50 8.82 8.69 7.78 9.02 6.44 0.85 7.11 10.01 5.76 8.22 6.98 10.00 8.00 6.37 0.73 0.46 0.55 7.83 5.45 10.22 10.00 7.42 8.36 5.57 0.71 0.30 0.38 0.18 2.48 8.35 0.45 0.22 0.16 0.22 0.07 0.08 5.69 0.18 2.16 0.31 6.82 2.22 2.92
0.40 0.38 0.35 0.23 0.24 0.23 0.20 0.23 0.30 0.41 0.48 4.42 0.52 0.39 2.79 0.45 0.47 0.44 0.41 5.29 1.48 4.35 1.78 1.33 1.26 1.56 1.25 1.27 1.31 1.09 1.59 1.60 0.71 2.99 0.20 6.46 1.43 8.33 0.90 6.68 8.82 8.08 8.29 7.84 9.56 5.82 4.90 5.47 10.13 0.83 7.67 6.66 9.66 0.83 0.44 0.42 0.53 0.55 2.59 1.27 6.89 3.72 9.34 8.79 6.99 1.74 7.08 1.48 0.14 9.88 10.39 0.36 6.24 4.23 7.52 6.04 6.60 7.41 4.83 7.41 7.89 10.00 10.64 9.88
0.40 0.40 1.11 0.40 0.45 0.46 0.32 0.32 0.39 4.61 1.22 2.67 0.78 5.92 4.15 0.71 4.39 1.71 5.74 2.80 3.93 1.20 0.90 1.50 1.32 1.48 2.33 2.71 3.20 1.67 0.92 0.27 6.80 0.99 0.42 0.42 5.26 1.09 5.01 5.18 7.52 7.93 9.20 0.93 1.57 5.25 6.63 8.31 9.00 8.03 8.29 6.34 5.72 8.63 1.02 6.76 6.45 7.09 2.14 0.79 8.00 1.53 4.57 7.31 7.27 9.15 9.51 8.68 6.50 0.57 9.15 0.34 7.49 7.68 9.46 7.53 8.82 10.21 9.72 6.83 11.60 10.80 10.13 11.51
0.23 0.16 4.90 0.35 0.43 0.41 0.37 5.07 1.52 9.53 8.09 1.07 9.15 2.42 4.76 1.54 6.08 1.77 1.32 4.01 2.79 2.91 2.03 2.69 1.46 4.63 2.76 3.01 4.84 6.55 1.15 8.79 8.78 7.51 0.61 4.71 0.49 0.44 1.00 6.20 7.54 6.88 8.41 7.44 5.47 5.88 0.80 0.96 9.14 11.12 8.86 9.12 10.51 10.60 10.15 10.13 10.98 10.46 9.75 1.27 8.25 0.66 0.92 5.85 7.53 6.05 0.81 2.15 7.71 6.77 0.57 12.33 9.00 8.89 8.90 0.55 13.48 9.55 10.72 8.05 12.25 9.40 11.12 9.88
0.24 0.29 0.25 0.14 0.23 0.21 0.34 4.59 4.61 0.08 2.48 11.51 8.05 1.59 1.58 1.66 3.15 1.86 3.52 3.31 3.03 3.20 2.18 2.90 2.88 0.58 6.94 7.92 7.61 7.23 8.07 8.44 8.75 8.94 8.06 5.28 0.55 5.59 0.97 6.69 6.04 8.22 6.86 7.15 1.94 5.57 1.06 0.78 8.84 11.46 10.24 0.94 10.77 9.62 8.06 10.02 10.37 5.16 1.45 8.09 9.94 2.33 0.76 0.36 0.76 5.12 6.48 7.13 9.45 4.33 8.35 0.95 0.16 0.49 9.98 11.86 13.28 0.37 10.06 8.72 9.28 9.72 9.12 11.13
0.58 0.15 0.16 0.20 0.44 0.34 0.30 0.30 8.25 9.81 1.20 10.10 3.82 1.35 9.22 1.29 3.05 2.28 2.37 3.15 0.47 7.47 6.21 7.09 7.43 5.41 8.26 9.09 8.24 8.42 8.52 8.86 9.00 7.93 7.32 0.91 1.30 6.46 5.70 5.51 5.29 6.43 7.75 4.24 1.69 0.58 3.33 6.20 10.27 9.75 10.33 10.28 11.34 12.37 7.47 7.95 7.42 8.26 8.33 7.05 5.28 8.02 6.96 0.85 7.58 0.65 5.60 6.75 9.26 9.17 8.09 8.19 1.37 0.86 0.97 10.41 12.24 7.15 6.55 7.94 8.83 1.90 1.55 10.57
0.32 5.86 0.14 0.17 0.32 0.30 8.66 0.38 0.51 6.42 9.08 9.95 5.05 6.61 5.41 3.17 0.61 4.20 5.19 8.80 8.92 8.21 7.53 8.22 7.30 8.19 7.89 9.17 9.01 8.43 7.41 7.88 7.75 0.84 6.83 0.96 0.39 7.55 7.62 0.66 0.82 6.90 6.69 8.06 9.40 6.33 6.44 7.40 9.16 11.06 9.92 8.45 10.64 10.82 8.52 7.64 5.82 9.55 4.02 6.61 7.83 9.84 9.76 9.07 2.69 0.40 7.95 7.69 9.88 10.14 9.12 9.40 0.44 10.96 0.82 0.18 0.54 9.57 8.11 8.34 6.99 0.79 12.52 12.04
0.22 7.05 0.27 0.19 3.91 0.32 0.34 0.94 1.39 6.48 8.22 2.07 0.49 4.13 8.20 7.51 7.80 7.26 8.77 7.79 8.41 7.38 7.27 7.81 7.51 6.82 6.05 8.13 8.99 9.18 7.98 7.80 8.50 8.51 7.27 1.21 0.80 5.40 6.15 1.08 2.54 1.35 4.58 9.52 10.10 4.87 5.84 5.37 8.81 4.58 9.01 0.66 10.92 10.38 8.55 5.28 1.63 7.61 6.56 8.81 8.62 6.16 9.38 8.72 6.87 1.40 0.80 7.40 8.46 10.50 7.58 7.94 9.69 0.29 0.29 0.65 0.22 11.43 11.50 10.25 10.74 6.84 10.81 10.36
1.00 1.16 1.78 3.42 5.56 2.60 1.19 0.79 0.54 1.81 0.98 5.58 7.97 8.36 7.94 7.66 9.13 7.86 9.05 7.85 7.25 8.68 9.19 8.19 7.49 6.47 6.38 7.24 7.48 8.87 8.60 8.32 8.91 9.21 7.01 4.68 0.52 0.90 1.10 7.61 5.76 6.96 8.25 6.54 9.55 4.93 6.32 8.51 9.13 10.08 10.15 0.73 9.74 10.30 9.73 5.97 6.19 6.23 0.25 5.85 7.40 9.38 9.64 9.65 9.57 10.90 10.84 8.32 8.32 8.05 9.07 8.90 7.58 6.63 10.28 6.21 0.53 0.40 9.30 9.83 9.97 12.49 5.75 7.61
8.14 0.39 1.97 2.31 3.75 7.86 7.35 6.15 7.81 7.41 7.63 6.62 5.43 7.19 7.96 7.30 9.25 9.17 8.18 8.06 7.67 8.38 8.26 7.64 6.62 0.77 0.87 5.42 8.05 8.65 8.58 7.86 8.99 8.37 7.13 6.44 5.18 7.74 5.81 5.36 8.43 8.06 9.03 7.45 9.78 8.02 8.66 7.95 7.96 0.32 10.23 5.59 9.28 10.08 8.97 4.33 0.89 0.38 5.67 5.34 7.34 8.94 6.95 9.70 10.38 11.69 12.14 11.97 9.08 9.87 9.25 10.17 10.42 9.86 8.77 1.06 6.74 8.00 0.48 7.08 1.18 8.27 0.15 0.94
1.12 0.80 0.75 6.09 9.59 8.82 6.88 7.89 8.33 6.56 8.71 9.14 7.81 7.04 7.47 7.52 7.79 7.84 7.72 7.49 8.07 7.33 7.05 6.28 6.11 0.46 4.51 5.25 7.22 8.25 6.24 8.87 8.22 7.87 8.40 5.60 5.81 5.82 6.59 1.39 4.00 5.09 7.43 6.82 1.20 7.99 8.17 8.67 0.10 8.95 10.20 6.44 8.96 10.15 9.51 6.55 0.79 0.52 0.45 0.82 4.46 5.71 1.13 5.56 7.53 9.24 10.81 12.06 12.03 11.92 7.98 11.25 11.03 11.63 6.58 8.66 7.81 7.17 8.95 0.40 0.27 0.24 8.08 10.68
0.25 9.23 7.00 7.21 8.84 6.67 7.00 8.12 7.66 8.13 8.56 9.00 7.26 7.33 8.23 7.94 7.89 6.61 6.68 7.29 7.82 6.02 7.13 7.32 5.57 6.50 6.74 6.91 7.61 7.40 6.99 7.90 7.80 7.93 7.74 6.33 1.57 7.71 6.86 0.89 7.12 5.66 7.39 5.81 0.62 9.28 9.35 9.71 4.96 9.01 7.72 5.77 9.80 8.74 9.57 5.24 4.16 6.34 1.63 0.41 0.51 3.94 5.98 4.80 5.13 5.12 6.45 7.34 11.13 12.49 11.19 11.51 10.44 10.31 10.57 12.53 9.36 11.30 8.76 0.45 0.52 5.72 6.18 5.88
7.71 7.13 8.87 8.81 7.92 5.42 3.02 5.54 2.81 6.53 7.93 7.44 7.50 5.68 5.07 6.99 7.37 4.32 6.00 6.46 7.40 6.76 7.25 4.43 5.50 5.07 0.69 0.79 7.32 9.36 9.13 7.00 6.90 7.27 7.05 0.81 0.67 9.06 5.90 0.62 8.34 7.00 1.15 7.35 0.69 8.63 8.05 8.24 7.11 7.05 7.42 6.58 8.24 11.05 8.35 8.42 8.83 0.71 5.28 7.24 6.21 0.67 1.38 5.19 5.16 0.82 5.46 8.17 9.39 9.65 10.72 11.08 12.19 11.30 7.92 11.82 10.84 10.84 8.09 0.81 0.61 8.75 0.27 0.69
8.69 8.06 8.32 7.53 7.05 6.18 0.79 0.69 0.52 7.25 6.47 4.35 6.49 6.36 7.34 7.41 6.58 8.03 6.56 6.00 5.70 1.85 0.35 0.85 0.66 0.53 5.14 4.96 6.72 8.67 9.28 8.32 5.72 6.38 6.47 0.97 7.83 9.52 5.97 7.41 8.51 8.55 5.90 6.50 6.97 7.53 6.04 8.17 7.69 5.08 5.90 5.58 4.79 7.11 8.24 8.22 8.26 6.59 5.89 6.54 5.81 5.24 5.40 5.63 0.73 5.72 0.80 0.84 6.38 7.66 8.97 10.40 9.78 10.58 11.82 11.82 10.35 9.41 9.84 9.34 0.71 8.65 7.77 0.29
8.13 7.92 6.96 6.07 5.51 6.00 6.47 7.73 6.96 6.95 7.23 7.40 6.91 7.08 7.45 7.30 6.45 7.54 6.87 5.73 5.85 5.77 6.32 6.67 5.71 5.58 0.95 1.35 6.15 8.10 8.08 7.54 0.56 6.88 7.14 0.63 7.84 7.41 8.66 5.52 8.91 9.41 1.05 6.49 6.42 0.56 6.24 9.74 8.30 7.69 8.46 7.00 7.23 7.68 10.02 9.70 6.08 8.24 5.14 6.84 7.18 6.23 6.02 2.25 6.19 6.04 5.29 0.98 0.77 0.64 7.34 7.93 7.98 10.25 10.87 11.57 11.05 10.07 8.72 9.35 6.56 1.09 0.68 0.53
8.39 5.00 1.35 5.19 5.89 6.12 5.38 6.08 7.55 5.79 7.86 7.20 6.05 6.63 6.23 6.81 6.59 5.31 6.25 6.44 6.70 6.60 5.66 5.31 1.19 5.61 1.14 3.06 4.72 8.28 8.50 7.30 1.02 6.26 6.50 1.12 7.15 9.04 7.05 8.13 9.55 8.74 0.89 7.62 8.48 5.35 5.65 5.14 7.78 9.27 5.92 6.27 7.12 3.09 10.66 11.41 9.34 7.80 6.82 7.66 8.80 1.15 6.48 3.88 0.80 0.97 2.39 0.80 0.49 1.02 0.68 6.22 7.20 6.02 9.86 11.07 11.07 9.41 9.69 7.69 8.51 5.61 1.07 7.49
0.64 0.95 1.87 1.14 5.06 7.12 6.79 8.23 7.25 8.27 7.54 6.25 7.38 6.95 7.56 7.28 6.87 7.27 7.20 7.26 6.88 7.16 7.19 4.81 1.04 5.12 4.24 2.07 7.43 7.35 8.32 7.42 0.80 0.79 6.16 0.55 0.74 8.33 7.57 9.95 10.62 8.42 7.89 8.95 9.80 5.64 7.02 7.96 4.77 7.53 6.56 5.49 6.24 8.58 10.12 11.29 10.91 10.16 8.24 2.81 3.05 1.50 0.88 5.28 4.36 1.03 2.57 0.59 3.43 0.80 0.68 0.58 2.25 5.84 8.20 9.54 11.14 9.40 7.51 7.22 7.02 8.65 2.65 0.49
0.58 0.61 0.62 1.50 0.73 7.31 6.30 6.04 7.68 7.47 8.27 7.27 7.61 7.14 7.88 5.89 7.73 6.39 6.98 7.08 7.09 6.79 6.84 7.06 5.61 0.68 0.52 0.32 6.55 7.50 7.67 8.15 0.82 0.58 4.96 0.58 7.92 8.44 9.46 7.88 10.03 8.53 8.11 8.24 7.01 5.35 7.33 7.49 0.71 7.38 1.33 2.49 0.94 10.14 9.79 10.43 11.12 9.36 6.92 0.91 2.03 6.03 7.17 5.19 1.94 2.42 1.11 5.54 7.14 6.76 5.43 7.42 7.46 7.25 3.41 8.49 10.37 10.42 8.32 9.99 9.29 8.81 1.21 0.47
5.50 3.77 5.10 5.41 5.25 0.96 6.40 7.92 6.90 7.74 7.56 6.91 6.52 8.46 6.62 6.38 7.39 6.41 7.67 7.87 7.72 7.55 6.74 6.94 0.86 1.21 0.30 0.81 5.79 7.70 8.36 6.73 0.85 0.53 1.17 0.68 6.85 7.13 8.84 7.77 9.72 9.60 9.31 8.86 7.74 6.00 1.26 4.58 0.20 7.96 8.38 3.90 7.84 8.91 10.21 9.23 10.85 8.49 4.63 3.54 5.15 2.89 3.67 1.86 4.88 0.73 5.96 1.22 0.85 1.19 0.66 0.53 0.42 6.61 6.96 7.19 6.76 8.60 10.42 8.82 10.77 10.50 9.55 5.02
5.99 0.57 0.62 0.74 6.26 7.43 7.08 8.30 7.57 7.28 8.21 7.36 7.66 7.90 7.33 6.50 7.69 7.14 7.75 8.26 7.81 6.70 6.55 6.58 6.65 5.69 1.15 0.43 6.31 7.84 7.55 7.03 0.88 0.86 6.21 1.40 7.36 8.92 8.86 6.41 8.09 8.85 7.30 7.88 6.74 5.78 7.25 8.89 2.49 1.41 0.96 1.29 6.01 8.00 10.19 8.38 11.16 8.82 6.00 9.10 4.55 2.99 2.85 7.25 6.93 0.62 0.85 4.30 6.98 7.09 0.89 6.45 7.30 5.81 5.43 6.85 6.43 9.65 9.87 9.82 9.19 10.61 11.08 8.18
6.34 6.98 5.96 7.98 7.25 8.38 7.35 7.36 7.69 7.92 6.49 6.42 6.66 6.80 7.43 7.38 6.86 6.99 7.32 7.97 8.18 7.78 7.37 6.87 7.20 6.38 5.63 0.57 5.99 7.53 7.57 6.00 0.48 0.95 2.01 6.12 6.86 8.92 8.10 9.92 6.24 7.97 5.78 7.93 9.04 9.23 8.66 8.82 6.68 4.71 5.08 5.67 5.74 8.71 8.39 10.14 10.92 10.82 9.58 9.75 8.86 5.59 4.62 6.21 8.12 5.37 0.72 4.99 2.26 0.73 5.51 4.93 7.08 5.79 6.19 0.53 4.28 6.80 8.88 7.93 8.11 11.11 11.69 10.62
