packages/cartolidar/cartolidar-0.0a14-py3-none-any.whl/cartolidar/data/asc/Riaza/454_4576_2017_Alt95.asc
ncols 200 
nrows 200 
xllcenter 454005.000 
yllcenter 4574005.000 
cellsize 10.000 
nodata_value -9999 
[rows 0 to 37 of 200, columns 0 to 83 of 200]
8.79 9.65 8.38 0.09 0.08 0.07 0.10 0.08 0.06 0.07 0.08 0.07 0.08 0.09 0.07 0.05 0.08 0.06 0.07 0.06 0.06 0.10 0.07 0.08 0.11 0.10 0.10 1.00 1.35 0.13 0.10 0.33 1.68 0.17 0.36 1.15 1.83 3.51 0.13 0.80 -9999 0.35 -9999 -9999 0.48 0.56 -9999 -9999 -9999 0.14 0.64 0.11 0.05 0.08 0.06 0.06 0.06 0.32 0.10 1.16 2.12 0.24 4.89 0.40 0.08 0.09 0.09 0.08 0.14 0.13 0.14 0.21 0.59 1.61 0.63 0.10 0.08 0.07 0.06 0.08 0.08 0.08 0.09 0.10
7.43 8.78 0.15 0.11 0.09 0.07 0.10 0.07 0.05 0.06 0.07 0.09 0.10 0.09 0.07 0.05 0.06 0.06 0.06 0.07 0.08 0.11 0.09 0.07 0.10 0.08 0.09 0.14 1.50 0.28 1.25 1.48 0.64 1.69 0.15 0.12 0.30 0.38 0.12 0.30 4.13 3.91 -9999 -9999 -9999 0.63 0.54 -9999 -9999 0.11 3.48 0.13 0.10 0.10 0.06 0.05 0.05 0.12 0.10 0.14 1.71 0.30 2.74 2.97 0.09 0.06 0.08 0.10 0.12 0.12 0.12 0.16 0.27 2.36 2.36 0.92 0.10 0.11 0.08 0.08 0.10 0.08 0.07 0.09
10.15 3.25 9.93 0.11 0.09 0.07 0.10 0.09 0.06 0.04 0.08 0.06 0.10 0.09 0.07 0.05 0.07 0.06 0.06 0.06 0.08 0.10 0.10 0.09 0.10 0.08 0.13 0.15 6.14 6.02 0.12 0.47 1.87 7.98 5.94 0.24 0.10 0.27 0.15 5.41 -9999 -9999 -9999 -9999 6.26 1.19 0.14 0.10 0.37 2.78 4.91 0.22 0.10 0.08 0.06 0.05 0.07 0.06 0.20 0.09 1.96 0.31 0.41 1.83 0.07 0.09 0.07 0.12 0.12 0.11 0.14 0.17 0.19 3.97 9.40 9.08 0.09 0.10 0.09 0.09 0.08 0.08 0.08 0.08
8.58 10.04 0.14 0.11 0.10 0.06 0.10 0.08 0.06 0.06 0.08 0.06 0.10 0.09 0.07 0.05 0.07 0.05 0.06 0.07 0.10 0.10 0.08 0.10 0.08 0.10 0.12 0.16 0.12 0.70 0.93 1.55 1.79 0.20 0.19 0.14 0.18 0.22 0.13 -9999 -9999 2.87 -9999 -9999 0.60 0.16 1.51 5.30 2.71 4.11 0.67 0.20 0.10 0.09 0.07 0.05 0.06 0.06 0.13 0.10 1.26 0.95 0.27 3.15 0.10 0.09 0.07 0.09 0.11 0.12 0.18 0.19 0.22 2.33 11.34 3.92 0.10 0.09 0.10 0.10 0.10 0.09 0.10 0.09
8.29 10.40 6.59 0.11 0.10 0.07 0.09 0.10 0.07 0.07 0.07 0.07 0.11 0.11 0.08 0.08 0.07 0.07 0.07 0.07 0.09 0.10 0.10 0.09 0.09 0.10 0.14 0.15 0.12 0.11 0.31 0.19 0.78 0.13 0.14 0.09 0.17 0.38 0.22 -9999 4.78 0.10 0.08 0.08 0.12 0.51 0.54 6.54 0.06 0.10 0.09 0.22 0.14 0.10 0.07 0.06 0.07 0.06 0.10 0.16 1.77 1.80 0.16 2.28 0.11 0.08 0.09 0.10 0.12 0.12 0.17 0.18 0.22 3.86 9.34 8.94 0.10 0.10 0.11 0.12 0.12 0.11 0.11 0.11
2.04 8.00 1.86 0.14 0.10 0.09 0.09 0.09 0.08 0.08 0.07 0.07 0.08 0.11 0.08 0.07 0.07 0.07 0.06 0.07 0.08 0.10 0.09 0.10 0.10 0.12 0.14 0.11 0.11 0.12 0.33 0.26 0.14 0.14 0.12 0.14 0.15 0.58 0.62 0.16 0.11 0.12 0.10 0.14 1.15 0.08 0.09 0.08 0.07 0.09 0.10 0.19 0.18 0.12 0.08 0.08 0.06 0.07 0.15 0.08 0.26 2.26 0.10 0.45 0.10 0.12 0.08 0.11 0.13 0.14 0.17 0.19 0.23 8.67 6.95 2.19 0.13 0.10 0.11 0.11 0.12 0.13 0.12 0.11
5.53 7.34 8.68 0.16 0.12 0.08 0.09 0.10 0.08 0.08 0.09 0.07 0.08 0.11 0.09 0.09 0.06 0.06 0.05 0.09 0.09 0.08 0.08 0.09 0.09 0.09 0.14 0.10 0.12 0.15 0.13 0.55 0.15 0.21 0.15 0.16 0.17 0.16 0.15 0.27 0.15 0.14 0.10 0.18 0.48 0.07 0.06 0.08 0.06 0.08 0.08 0.20 0.23 0.17 0.08 0.06 0.06 0.06 7.74 0.10 0.15 1.83 0.22 0.39 0.09 0.12 0.13 0.12 0.13 0.13 0.17 0.18 0.24 8.71 1.36 8.00 0.18 0.11 0.13 0.14 0.13 0.11 0.13 0.13
6.65 6.44 8.62 8.27 9.40 0.09 0.10 0.07 0.09 0.10 0.10 0.06 0.08 0.10 0.10 0.09 0.07 0.06 0.06 0.07 0.08 0.08 0.11 0.08 0.08 0.10 0.10 0.09 0.12 0.18 0.12 0.25 0.22 0.19 0.20 0.18 0.15 0.13 0.15 0.18 0.10 0.21 0.17 1.52 0.09 0.06 0.06 0.06 0.11 0.07 0.10 0.13 0.21 0.22 0.12 0.10 0.07 7.25 9.26 0.20 0.12 1.93 0.19 0.45 0.08 0.11 0.15 0.17 0.18 0.14 0.18 0.20 0.27 5.22 6.33 5.55 0.12 0.13 0.13 0.15 0.16 0.12 0.15 0.13
8.43 6.48 5.43 8.09 8.62 7.55 0.10 0.07 0.08 0.11 0.11 0.06 0.09 0.09 0.10 0.09 0.08 0.08 0.07 0.07 0.09 0.09 0.11 0.08 0.08 0.12 0.09 0.08 0.13 0.19 0.14 0.16 0.34 0.18 0.10 0.07 0.12 0.10 0.15 0.25 0.17 0.97 6.97 0.15 0.06 0.06 0.06 0.07 0.08 0.07 0.10 0.13 0.14 0.14 0.16 0.09 0.08 0.09 0.31 0.16 0.11 1.77 0.21 0.52 0.06 0.06 0.12 0.17 0.14 0.11 0.18 0.20 0.24 0.68 2.72 1.77 0.52 0.14 0.15 0.13 0.14 0.15 0.15 0.13
7.90 6.48 0.13 3.57 7.56 9.61 8.14 0.08 0.07 0.10 0.16 0.05 0.07 0.10 0.10 0.10 0.08 0.08 0.08 0.08 0.08 0.09 0.12 0.09 0.08 0.08 0.10 0.10 0.20 0.27 0.19 0.15 0.20 0.29 0.11 0.13 0.10 0.15 0.11 0.16 0.14 6.75 2.75 0.08 0.06 0.06 0.06 0.07 0.08 0.07 0.08 0.05 0.16 0.15 0.12 0.10 0.07 0.08 0.11 0.18 0.20 1.68 2.60 4.79 0.05 0.06 0.10 0.15 0.19 0.10 0.17 0.18 0.23 0.62 0.94 7.64 7.07 5.82 1.46 0.16 0.13 0.14 0.13 0.15
6.86 2.09 5.69 1.93 0.18 9.82 8.78 7.73 0.08 0.09 0.13 0.07 0.07 0.09 0.06 0.10 0.08 0.08 0.08 0.10 0.07 0.08 0.09 0.10 0.10 0.08 0.09 0.18 0.27 0.25 0.16 0.23 0.24 0.13 0.18 0.12 0.10 0.14 0.12 0.10 0.14 0.17 0.31 0.06 0.13 0.05 0.05 0.05 0.08 0.08 0.08 0.06 0.13 0.14 0.12 0.10 0.06 0.08 0.21 0.10 0.17 0.81 2.42 2.90 0.06 0.06 0.11 0.12 0.19 0.23 0.18 0.19 0.19 0.29 1.29 4.10 8.85 7.66 7.13 0.46 0.16 0.16 0.16 0.16
1.52 2.50 4.34 3.73 4.76 7.74 6.64 0.88 0.08 0.09 0.14 0.08 0.08 0.09 0.07 0.10 0.08 0.10 0.10 0.10 0.07 0.06 3.65 4.26 0.13 0.11 0.11 1.89 0.20 0.21 0.12 0.19 0.21 0.11 0.26 1.17 0.08 0.14 0.19 0.23 0.14 0.18 0.08 0.06 0.06 0.06 0.07 0.05 0.06 0.07 0.08 0.07 0.15 0.11 0.14 0.08 0.06 0.07 1.27 0.13 0.15 0.36 2.50 1.24 0.05 0.06 0.09 0.10 0.19 0.25 0.20 0.19 0.69 6.70 6.80 6.77 5.58 7.52 9.70 8.24 0.15 0.14 0.16 0.15
0.10 0.08 4.52 1.34 0.19 1.90 1.44 0.47 0.08 0.10 0.14 0.09 0.09 0.07 0.08 0.08 0.08 0.08 0.08 0.08 0.10 0.18 0.23 0.27 -9999 -9999 2.36 3.03 4.94 0.13 0.10 0.15 0.13 0.12 0.14 0.32 0.09 0.07 0.11 0.22 0.20 0.26 0.07 0.08 0.07 0.05 0.06 0.06 0.09 0.08 0.13 0.11 0.18 0.11 0.13 0.10 0.05 0.07 0.11 0.13 0.16 0.19 0.83 0.25 0.05 0.06 0.08 0.11 0.17 0.25 0.20 0.16 1.06 0.97 8.12 8.16 8.58 9.74 8.98 10.02 0.14 0.12 0.13 0.14
5.02 0.09 7.19 9.05 7.73 4.02 6.39 10.11 9.92 0.10 0.11 0.09 0.08 0.07 0.07 0.07 0.08 0.08 0.10 0.15 0.11 0.08 2.93 0.11 -9999 0.18 0.14 0.17 0.19 0.15 0.11 0.12 0.12 0.10 0.93 0.15 0.31 0.09 0.15 0.23 0.20 0.33 0.08 0.07 0.06 0.06 0.06 0.06 0.10 0.06 0.30 0.08 0.17 0.09 0.11 0.08 0.06 0.06 0.09 0.10 0.18 0.22 0.54 0.44 0.08 0.06 0.08 0.11 0.17 0.21 0.24 10.45 8.38 8.54 8.35 2.09 6.10 4.42 10.16 3.13 0.11 0.12 0.10 0.11
0.07 2.10 6.50 9.45 7.00 4.49 6.57 7.08 7.01 0.10 0.13 0.07 0.10 0.09 0.06 0.08 0.09 0.10 0.13 6.46 5.56 0.11 9.81 0.10 0.12 0.24 1.62 0.19 0.15 0.15 0.19 0.11 0.13 0.09 0.14 0.17 0.25 0.32 0.13 0.20 0.19 0.86 0.09 0.07 0.06 0.07 0.08 0.06 0.09 0.06 0.30 0.13 0.15 0.12 0.12 0.06 0.05 0.07 0.08 0.10 0.19 0.17 4.56 5.45 0.31 0.08 0.11 0.15 0.18 0.50 0.59 10.08 8.76 6.69 5.43 2.08 1.82 4.59 4.36 6.90 8.54 0.24 0.10 0.10
0.87 0.07 0.07 3.50 4.91 3.63 5.33 6.48 5.96 0.11 0.13 0.09 0.08 0.10 0.09 0.09 0.11 0.10 11.39 14.23 0.09 0.14 3.62 11.81 12.20 0.16 8.85 0.23 0.11 0.11 0.20 0.18 4.18 0.11 0.11 0.14 0.09 0.36 0.32 0.22 0.19 5.18 1.92 0.07 0.06 0.08 0.08 0.09 0.09 0.08 0.12 0.16 0.16 0.15 0.12 0.06 0.05 0.06 0.07 0.12 0.15 0.33 0.11 3.75 0.43 0.22 0.12 0.25 0.42 0.89 3.50 1.38 8.41 6.08 7.51 1.55 8.16 3.10 4.72 5.94 5.44 6.00 5.61 5.88
0.09 0.07 4.51 0.11 8.32 0.13 4.66 5.70 6.24 6.54 3.94 10.66 12.50 0.12 0.09 0.11 0.12 6.84 14.83 15.24 0.07 2.22 0.09 10.90 10.58 11.06 10.15 7.04 9.01 0.15 0.16 0.08 0.12 0.10 0.12 0.12 0.08 0.09 0.52 0.21 0.77 6.96 2.05 0.07 0.05 0.07 0.07 0.06 0.08 0.08 0.09 0.11 0.20 0.21 0.14 0.07 0.07 0.05 0.06 0.12 0.20 0.23 0.10 0.18 2.67 1.15 0.12 6.85 6.36 7.88 9.29 8.16 10.31 10.27 2.59 5.63 2.10 6.65 5.56 0.64 0.54 0.21 5.51 9.11
0.14 1.60 3.27 2.09 0.10 0.09 0.11 4.20 3.53 0.45 4.44 10.33 11.47 0.12 0.09 0.08 0.13 6.42 10.52 11.89 0.08 0.06 1.49 10.53 0.12 10.14 10.00 8.45 7.83 0.15 0.17 0.08 0.16 0.12 0.10 0.11 0.11 0.08 0.26 0.23 6.17 0.47 8.16 0.08 0.09 0.06 0.06 0.06 0.07 0.08 0.08 0.14 0.15 0.22 0.16 0.09 0.11 0.06 0.09 0.17 0.20 0.23 0.10 0.06 2.56 3.67 4.90 8.92 7.29 8.81 2.36 6.52 6.23 8.29 8.56 8.78 6.14 8.26 6.31 0.32 0.49 0.14 0.56 0.40
6.82 6.55 5.69 4.20 0.10 1.48 0.13 5.95 5.21 2.78 6.36 6.25 8.21 0.17 0.12 7.18 0.09 0.12 0.12 1.34 0.09 0.07 9.94 10.36 0.14 7.43 4.96 8.46 7.80 6.90 9.86 0.10 0.11 0.13 0.08 0.10 0.12 0.08 0.13 0.17 0.97 3.27 8.05 0.08 0.06 0.05 0.06 0.06 0.06 0.07 0.06 0.32 0.14 0.16 0.15 0.10 0.12 0.07 0.09 0.11 0.14 0.19 10.06 0.12 0.07 0.21 2.62 3.53 6.29 5.29 4.74 3.82 4.41 5.86 5.18 2.98 2.40 9.04 7.40 1.54 0.14 0.15 0.23 0.54
6.78 6.29 6.72 0.09 6.39 3.86 4.74 5.69 4.45 5.97 4.22 5.97 5.90 7.67 0.18 4.46 1.77 10.68 10.20 11.42 11.02 0.29 0.08 0.14 2.27 6.17 0.14 6.20 3.35 0.81 11.43 0.12 0.13 0.12 0.15 0.46 0.13 0.11 0.08 0.13 0.39 1.36 1.61 0.13 0.06 0.06 0.06 0.07 0.04 0.10 0.12 0.20 0.30 0.15 0.12 0.06 0.07 0.08 0.20 0.19 0.15 0.20 0.16 0.10 0.08 0.07 0.24 3.00 7.63 6.22 4.44 2.38 6.19 8.80 2.00 3.38 8.54 7.79 1.94 7.33 8.03 0.47 3.37 0.40
5.96 6.49 0.08 0.08 1.26 4.84 0.20 3.72 4.24 4.72 4.84 4.51 6.09 5.38 5.73 6.82 5.77 9.26 10.46 12.68 12.17 7.73 8.98 7.78 2.43 7.53 0.19 6.96 0.23 0.94 8.63 8.78 0.11 0.12 0.10 0.11 0.18 0.16 0.21 0.17 0.31 0.28 2.01 1.92 0.08 0.05 0.08 0.06 0.07 0.18 0.10 0.36 1.83 0.79 1.19 0.33 0.25 0.53 1.17 0.10 0.19 0.14 0.08 0.10 0.09 0.06 0.14 2.10 2.96 6.18 3.11 4.32 4.82 8.85 6.40 6.26 4.97 5.49 6.32 4.99 7.58 1.67 0.17 0.17
3.03 6.21 2.63 4.31 8.28 4.69 5.18 0.15 3.91 3.64 4.93 3.22 4.20 3.23 2.63 6.30 6.14 6.71 9.55 0.28 3.46 0.09 4.04 0.10 0.32 0.20 4.13 0.17 5.63 0.17 0.29 6.68 0.09 0.13 0.11 0.07 0.11 0.11 0.15 0.20 0.12 0.20 0.17 1.68 1.86 1.42 0.06 0.07 0.07 13.78 14.46 0.26 0.62 0.38 0.47 1.17 0.95 1.17 0.09 0.09 6.00 0.13 0.11 0.09 0.09 6.13 0.16 5.65 4.31 3.89 5.65 4.64 2.77 3.90 3.49 5.15 5.43 4.59 7.81 10.12 6.34 0.79 0.27 0.14
4.35 1.79 4.39 4.87 6.11 5.36 5.15 4.06 2.67 1.88 3.92 0.28 2.36 2.62 6.25 2.57 7.35 8.77 10.23 10.18 9.27 7.68 6.88 2.56 7.36 6.36 0.18 5.19 10.24 0.17 0.09 0.17 0.14 0.13 0.11 0.08 0.12 0.08 0.23 0.19 0.11 0.25 0.22 0.17 0.60 9.25 5.69 1.72 0.80 13.55 14.16 10.68 0.28 0.81 0.62 0.45 0.45 5.08 0.12 0.08 0.12 0.09 0.08 10.55 10.19 9.74 6.48 0.24 0.16 1.78 3.77 4.18 5.78 3.72 5.23 4.29 2.63 3.65 2.88 6.66 5.93 9.39 4.47 7.51
6.72 6.26 4.64 0.77 3.38 0.22 4.56 4.61 3.27 5.69 1.83 2.40 1.32 4.39 6.91 6.67 6.65 6.43 7.72 9.17 10.09 0.10 7.16 5.84 0.27 7.18 0.33 6.04 9.23 1.63 0.19 0.20 0.11 0.12 0.12 0.09 0.11 0.10 0.36 0.29 0.17 0.20 0.20 0.17 0.40 0.12 0.17 0.15 0.18 0.12 0.95 13.24 13.63 1.42 6.24 9.96 13.06 9.31 0.12 0.13 0.15 0.10 0.06 9.69 9.77 10.59 0.44 3.56 3.90 7.78 5.20 5.12 5.54 8.84 5.19 8.74 5.15 8.69 4.60 4.15 1.43 8.20 6.46 8.52
0.10 1.26 4.64 3.43 0.28 0.25 4.01 4.68 4.25 6.51 0.59 2.01 3.22 1.87 3.13 2.74 1.71 3.87 6.79 8.89 8.61 0.15 0.99 0.16 0.15 5.92 0.15 0.37 0.23 8.18 13.56 0.20 0.14 0.10 0.10 0.10 0.12 0.50 0.19 0.38 0.19 11.12 8.71 0.23 0.10 14.19 0.16 0.10 0.09 0.10 0.84 9.95 9.56 0.11 0.09 5.02 11.44 0.14 0.08 0.10 4.07 0.05 0.09 9.66 7.93 0.59 0.55 8.25 5.78 6.11 3.58 5.97 3.75 3.86 4.84 2.59 8.07 10.10 4.14 3.89 6.95 6.14 7.35 5.06
3.31 5.04 6.57 6.31 0.18 0.17 2.12 4.11 1.54 5.20 2.51 2.56 4.05 5.68 7.46 2.43 3.86 2.61 4.66 5.30 0.36 8.91 7.99 7.34 0.41 0.15 0.27 0.42 0.24 6.20 6.23 0.15 0.21 10.24 10.55 0.10 0.12 0.40 0.43 0.13 6.74 0.41 0.21 0.17 0.09 12.16 5.32 0.09 0.07 0.08 0.74 9.42 8.96 0.08 0.16 0.08 0.11 1.34 0.10 0.11 3.51 5.32 13.26 12.53 0.24 0.21 0.86 8.46 1.31 6.39 4.56 3.81 5.19 5.57 6.21 8.99 7.57 4.63 3.52 7.32 8.49 7.70 9.47 7.08
2.93 3.73 4.95 5.40 0.51 2.63 0.25 1.41 3.37 2.78 3.17 1.27 3.41 5.50 3.33 3.78 2.78 6.74 5.99 1.40 2.55 8.60 5.34 6.69 0.17 0.04 0.13 0.28 0.21 4.01 3.97 7.69 0.20 0.09 0.08 0.11 0.08 0.19 0.41 1.75 7.72 10.03 0.11 0.08 0.11 0.08 0.07 0.06 0.10 0.12 0.65 0.09 0.15 0.14 0.23 0.13 0.09 1.46 0.10 1.81 8.65 9.04 11.60 6.81 0.16 0.85 6.50 6.42 5.52 3.22 6.42 2.73 1.14 3.46 2.66 4.26 9.33 6.57 8.53 9.80 9.01 5.11 4.36 3.47
2.43 2.25 3.16 2.25 3.05 6.38 1.95 0.35 3.96 2.97 4.47 4.13 0.09 0.31 0.31 3.66 5.13 7.50 6.84 9.01 6.40 4.57 6.10 4.52 5.07 0.17 0.15 4.38 1.01 0.11 7.81 0.13 9.33 8.73 11.13 11.05 0.07 0.30 0.32 0.13 0.13 8.76 0.10 0.11 0.09 7.33 0.07 0.06 0.11 0.26 0.92 0.07 0.13 7.50 0.10 0.11 0.07 0.09 0.09 7.37 8.97 5.62 11.30 0.26 0.44 7.88 10.34 5.01 2.65 3.59 4.98 2.72 3.72 4.12 5.48 6.79 6.80 1.78 8.72 7.72 11.77 6.98 2.34 7.45
5.82 2.73 0.26 5.16 0.94 2.27 1.27 1.32 3.05 1.34 3.45 2.79 6.50 4.84 1.68 5.97 5.38 7.30 7.13 0.20 1.96 2.78 4.74 5.42 1.37 0.11 0.18 1.13 0.23 0.21 0.23 0.11 0.12 0.27 6.78 8.44 0.31 0.32 0.19 0.15 9.88 14.30 9.41 0.14 8.52 10.79 9.76 2.59 0.26 12.71 13.65 3.41 5.09 5.86 0.10 4.42 7.93 0.08 0.11 8.81 3.93 2.42 10.73 0.73 0.19 7.13 6.08 7.10 7.43 6.31 2.71 3.48 3.00 4.59 5.03 6.00 6.16 1.16 5.94 5.76 10.52 3.96 3.40 3.49
5.47 5.60 6.27 4.87 1.68 0.21 2.38 5.00 3.29 1.38 0.22 5.02 7.15 8.10 4.13 5.49 2.66 4.92 2.29 6.16 3.41 3.50 3.28 4.40 5.44 0.12 0.74 0.22 1.26 1.01 0.27 0.19 7.49 7.70 4.25 10.78 0.36 11.64 0.12 9.61 13.31 13.37 0.07 0.11 6.73 9.65 12.36 9.89 2.94 6.55 12.83 0.55 4.48 4.13 0.14 0.13 7.77 6.36 8.17 3.58 9.68 8.38 4.57 8.17 0.54 7.88 5.83 6.94 4.51 5.85 1.45 5.46 3.21 5.20 4.14 0.84 1.40 4.62 6.72 3.36 6.89 7.80 2.29 8.85
6.19 5.51 5.28 1.54 2.70 2.21 1.91 0.18 4.43 3.84 2.20 3.28 5.10 3.14 0.75 5.43 5.14 7.18 6.15 3.53 6.20 3.50 5.14 0.49 3.92 4.38 0.19 2.30 2.00 0.23 0.25 0.19 0.19 0.20 4.78 9.56 4.64 12.49 5.88 11.22 11.28 10.98 7.82 0.06 0.09 12.07 12.66 2.56 12.50 12.67 5.06 0.22 10.65 0.07 0.13 0.15 0.08 10.22 9.82 10.51 7.33 6.50 0.42 8.57 0.99 8.84 6.93 5.19 4.80 4.60 5.69 2.68 1.87 3.55 2.72 4.63 7.34 3.40 1.47 5.32 1.81 3.30 1.86 3.24
6.60 4.45 1.49 0.20 2.07 0.73 3.76 1.90 6.48 1.41 1.88 2.58 3.93 6.62 6.64 4.83 4.75 5.39 6.32 5.50 3.88 2.13 1.06 4.83 3.40 3.25 0.42 2.20 2.61 0.27 0.21 0.20 0.23 7.00 0.37 0.13 0.32 6.27 9.50 0.68 10.36 7.09 12.50 12.32 14.31 0.06 12.16 0.11 0.32 12.74 10.82 0.84 12.27 9.03 0.14 1.22 4.27 10.19 11.41 10.05 1.04 1.76 0.16 8.09 2.12 1.39 3.45 6.47 6.10 3.46 5.83 3.33 4.88 1.69 4.25 3.04 3.55 4.65 3.92 3.62 1.10 2.92 1.99 4.98
4.71 1.17 1.22 2.55 2.10 2.73 2.37 3.80 3.68 3.51 0.40 4.38 0.27 6.14 0.12 6.75 5.01 3.89 6.16 2.86 3.25 4.27 3.15 6.35 2.97 3.15 0.23 0.37 1.39 1.56 0.37 3.54 8.04 7.51 9.06 0.28 1.35 9.80 1.08 9.58 0.55 4.85 10.52 13.14 13.48 0.06 0.08 0.08 0.18 13.32 13.83 5.81 13.43 0.09 0.13 2.38 4.17 7.88 5.55 6.70 2.58 2.32 8.10 7.78 3.02 0.35 1.56 7.90 6.86 5.58 5.56 3.96 2.59 0.90 3.05 4.03 3.97 3.56 1.84 2.62 2.34 7.78 9.32 9.26
5.34 1.87 0.51 2.30 0.63 3.31 3.38 3.90 6.14 6.25 0.14 2.33 0.29 1.46 3.91 4.06 1.08 2.35 3.67 4.63 2.43 3.82 3.11 5.04 2.65 2.67 0.78 1.11 3.90 3.57 0.39 7.10 6.94 0.12 0.15 0.28 0.34 12.63 10.79 12.17 6.86 0.45 5.57 9.79 12.17 0.10 0.09 0.08 0.11 0.22 9.57 12.71 11.54 12.22 0.08 2.53 3.84 3.40 9.55 10.47 7.29 2.63 5.88 2.67 1.76 1.13 5.96 5.16 4.38 8.11 5.96 2.62 2.74 1.35 4.46 2.34 4.19 3.83 3.85 3.68 4.43 3.88 9.90 2.48
4.33 0.93 2.05 1.74 1.17 2.53 2.58 0.30 3.92 4.52 0.53 0.37 0.39 0.45 1.55 2.09 3.41 2.47 5.13 4.84 1.92 2.77 2.51 2.39 3.19 6.36 4.52 0.45 2.48 2.09 0.13 8.45 9.98 0.14 0.16 0.36 0.50 13.00 10.73 11.03 6.16 8.32 9.37 1.02 7.60 1.33 12.54 0.11 0.46 10.75 5.94 1.61 10.26 11.62 0.09 3.70 7.43 5.16 4.03 9.58 10.56 3.29 3.15 3.73 4.69 2.51 4.46 4.24 6.67 5.86 7.68 3.23 2.32 2.58 3.52 1.65 3.04 4.95 4.10 7.91 1.69 1.98 4.00 2.76
3.73 2.97 1.99 3.66 3.75 2.00 2.24 2.56 4.78 2.14 0.21 0.39 2.70 4.83 3.07 3.12 5.12 0.11 5.51 5.45 4.69 3.79 5.74 5.42 4.27 6.83 5.17 1.46 1.32 0.13 0.46 8.50 9.95 0.09 0.31 0.43 0.32 0.11 9.15 9.37 11.37 0.22 7.51 0.69 7.80 9.15 9.82 7.98 10.65 8.04 3.03 3.97 2.63 11.69 13.90 4.66 7.87 9.24 4.02 4.54 3.17 5.23 5.41 5.57 0.85 0.29 3.59 3.16 3.91 5.79 6.18 5.19 6.18 4.17 4.11 3.75 4.32 2.78 7.42 8.08 1.81 2.13 2.72 1.98
4.98 0.86 1.40 1.43 3.09 6.00 4.41 2.26 2.68 0.23 0.32 2.57 4.28 1.46 4.41 4.66 4.44 0.20 2.25 4.75 5.44 4.36 3.77 4.28 4.81 6.14 6.57 0.18 0.21 0.15 0.69 7.68 11.17 0.15 0.38 10.49 9.95 0.10 8.40 11.86 8.67 8.78 0.47 10.57 9.93 7.38 8.46 9.97 5.69 3.12 8.95 10.66 13.09 13.12 10.71 0.18 8.88 9.17 8.31 4.12 3.28 7.66 5.38 3.17 0.28 0.15 3.27 6.02 2.45 5.31 6.93 6.27 3.36 3.43 4.38 5.55 6.32 5.69 1.37 5.93 4.03 6.03 6.09 7.02
6.84 1.52 3.93 3.30 3.08 4.51 2.85 2.23 1.07 2.44 0.22 2.24 2.80 2.97 4.45 2.08 3.29 0.37 0.41 3.71 5.09 0.20 2.64 3.02 3.22 4.37 0.35 0.27 0.24 0.40 0.25 5.89 11.19 12.02 0.26 0.62 0.66 8.42 8.25 8.98 0.17 0.25 0.34 9.90 9.06 0.10 7.47 10.23 11.96 9.19 10.43 13.64 12.57 0.22 3.95 8.63 0.08 9.63 11.06 5.38 4.00 6.61 4.57 3.88 0.16 0.18 8.36 6.86 3.68 6.40 6.04 5.13 6.30 5.30 5.22 6.60 3.68 5.55 7.58 7.52 4.96 2.64 4.74 3.58
