packages/cartolidar/cartolidar-0.0a14-py3-none-any.whl/cartolidar/data/asc/Riaza/454_4576_2017_Alt95.asc
ncols 200 
nrows 200 
xllcenter 454005.000 
yllcenter 4574005.000 
cellsize 10.000 
nodata_value -9999 
[rows 76 to 113 of 200, columns 84 to 167 of 200]
0.60 2.74 4.92 1.64 2.47 3.19 0.89 1.49 0.93 1.47 0.61 0.99 0.61 0.62 0.43 0.85 3.64 2.73 7.80 0.83 4.93 6.44 6.37 2.24 4.92 0.30 0.23 0.22 0.59 0.79 0.51 0.45 0.49 0.41 0.44 1.01 3.58 0.54 3.21 2.53 0.33 1.18 2.08 0.23 1.14 2.46 4.99 2.34 2.40 0.20 5.31 0.25 5.33 1.18 2.41 2.57 1.47 1.31 0.43 0.72 0.58 0.44 2.79 1.78 1.11 1.76 1.06 3.79 4.35 1.93 2.46 3.62 5.17 3.42 2.61 3.77 3.04 3.00 2.26 3.10 2.76 2.81 1.61 2.46
1.58 1.40 0.48 1.11 1.29 2.38 2.58 1.27 1.23 2.44 0.43 1.02 0.50 0.69 0.53 1.74 2.29 0.79 1.46 3.16 0.48 1.14 0.94 2.43 2.61 0.11 0.12 0.23 0.31 4.08 0.54 2.05 0.48 0.90 0.43 3.02 3.05 7.50 1.24 0.47 0.72 0.62 2.05 0.78 0.71 0.26 0.16 0.17 0.17 0.23 0.31 2.66 3.62 1.49 3.67 0.82 2.65 0.58 1.18 1.13 3.13 0.79 0.64 1.93 0.39 2.38 1.71 4.40 1.16 3.34 2.87 2.78 3.43 2.52 2.77 3.93 3.95 3.69 3.21 3.62 2.61 2.46 1.86 2.22
1.39 1.09 2.00 1.35 0.46 1.90 0.63 0.94 0.52 2.49 0.90 0.85 2.11 0.57 0.96 0.77 1.65 1.22 2.97 0.69 3.67 0.63 0.17 0.29 0.14 5.46 0.12 0.20 0.32 0.36 0.31 1.11 0.74 0.53 0.70 2.75 2.06 2.15 1.61 2.35 0.42 1.83 2.19 3.24 2.39 2.60 0.58 0.45 0.23 0.82 0.39 0.40 3.26 3.44 0.71 3.40 3.64 3.73 0.93 1.55 1.03 0.38 0.78 2.50 0.70 4.55 5.78 0.72 2.84 3.28 1.73 1.96 2.54 3.65 4.14 3.25 2.96 3.32 2.87 2.57 2.76 2.78 2.10 2.06
1.82 3.91 2.70 2.97 0.20 6.04 3.50 0.81 1.27 1.40 4.49 1.75 1.26 0.75 0.66 0.48 1.31 1.70 3.02 2.26 0.91 0.18 0.55 5.39 0.37 6.63 0.16 8.36 2.43 0.48 0.50 0.37 0.31 0.34 1.86 2.01 5.27 1.95 0.65 0.33 0.42 0.73 3.59 0.49 2.95 1.48 2.38 0.36 0.22 0.49 0.50 0.28 0.72 2.66 4.40 0.21 0.36 4.34 0.69 1.04 1.36 2.50 1.34 1.49 1.42 1.60 1.39 2.72 6.34 4.40 2.47 4.48 3.62 1.81 4.01 2.31 3.69 3.57 2.00 1.86 1.91 2.90 2.55 2.48
2.70 5.60 0.50 0.30 0.71 1.57 1.09 1.97 3.91 3.07 4.29 1.56 0.88 0.61 4.00 4.13 0.42 4.08 1.61 1.01 5.60 0.97 0.64 4.79 5.55 5.79 0.16 3.46 0.85 4.78 0.27 0.30 0.59 4.91 1.29 1.21 2.70 0.96 0.39 0.45 1.08 0.40 2.77 1.93 0.41 2.60 0.37 1.86 3.79 2.25 0.24 0.51 4.70 0.97 2.69 0.41 0.32 3.19 0.56 0.92 1.21 0.45 1.07 0.66 2.04 1.71 1.38 1.20 2.13 3.58 2.90 3.24 1.86 2.78 2.78 2.97 3.80 3.62 3.57 2.94 4.22 3.26 2.38 2.82
0.56 2.96 3.81 2.90 3.40 0.32 0.79 0.73 0.77 2.41 3.43 0.65 0.63 1.12 0.84 2.34 1.30 2.79 1.58 6.81 6.64 0.85 0.89 1.47 0.18 2.85 0.26 5.02 0.59 0.26 0.30 0.21 0.43 1.05 1.43 1.72 2.21 1.87 5.23 2.77 1.98 0.41 0.45 2.63 0.43 0.52 0.76 1.37 3.27 2.27 0.22 0.27 0.46 1.19 2.63 1.90 2.61 0.35 0.55 1.83 2.14 0.64 0.86 0.83 0.75 2.42 4.89 1.76 1.20 7.16 2.38 3.73 1.98 2.09 3.07 2.64 3.24 3.27 2.78 2.54 2.63 4.18 2.66 3.16
0.63 1.57 0.76 1.62 1.28 0.58 1.40 3.48 0.53 0.77 0.46 1.42 0.58 1.25 1.37 1.44 0.63 0.51 0.75 0.92 3.94 1.56 3.52 0.36 0.83 2.69 5.77 2.42 0.46 0.21 0.35 7.66 0.68 0.71 2.25 0.76 0.52 1.88 0.35 0.28 0.62 0.52 0.32 0.39 0.36 0.31 0.33 1.52 3.38 3.85 3.99 4.75 0.52 0.50 0.22 0.21 1.15 4.99 1.81 4.10 1.10 1.21 1.15 0.83 0.62 2.73 1.57 1.77 5.01 7.47 2.16 3.51 3.11 2.02 3.76 3.32 4.55 3.40 3.10 2.68 2.99 3.30 2.93 2.54
1.59 3.00 0.47 3.90 0.60 1.02 3.07 3.29 0.62 1.02 5.12 2.68 0.84 2.52 1.62 1.64 3.72 0.83 0.34 3.58 2.85 0.26 0.62 1.90 3.98 2.71 1.43 2.87 2.31 0.49 1.18 0.45 0.30 1.74 1.91 7.50 5.20 1.14 0.62 0.45 0.59 0.34 0.30 0.86 0.56 0.39 1.63 0.39 0.58 0.76 0.24 2.02 3.64 0.63 0.23 2.21 2.40 2.02 1.84 0.51 0.78 4.77 2.17 4.02 0.85 7.21 2.24 2.28 0.95 1.90 4.86 4.98 2.77 3.86 2.87 3.31 4.44 3.26 3.39 3.00 2.60 2.81 2.37 2.16
1.86 0.65 2.16 3.61 0.48 2.52 1.07 0.78 1.18 0.96 1.38 0.64 0.66 0.60 0.53 1.81 0.96 0.64 0.50 0.68 3.54 1.01 0.91 1.86 3.76 3.42 0.47 0.43 0.34 0.55 0.82 0.38 1.40 2.91 2.26 2.67 1.80 1.59 0.36 0.47 0.86 0.32 0.27 2.86 3.44 0.63 0.24 0.67 1.24 0.80 1.41 0.26 0.50 2.41 1.83 1.08 7.19 1.16 1.25 2.93 2.44 2.98 0.75 1.10 0.71 6.68 2.55 1.41 0.68 2.13 1.08 1.66 4.01 4.77 3.98 4.36 2.72 2.64 4.38 3.05 2.66 3.59 2.55 2.10
0.69 2.05 2.84 1.47 0.61 0.66 2.03 0.89 1.25 0.77 0.83 0.53 0.79 2.58 1.83 0.77 2.01 1.19 1.19 1.08 4.79 0.64 0.69 1.11 2.11 1.00 2.26 0.41 1.50 0.29 0.61 0.85 0.54 5.69 4.42 3.50 0.31 0.41 0.48 0.72 0.62 3.33 0.76 2.89 1.26 2.32 2.46 0.23 0.91 3.25 0.48 0.65 0.77 0.66 4.32 0.29 0.52 1.17 0.25 4.98 0.37 3.57 1.06 1.08 0.48 2.21 4.49 2.86 3.81 0.64 3.05 1.27 3.67 2.11 3.09 3.79 3.36 3.11 3.13 3.67 2.39 3.15 3.03 2.63
0.51 0.54 1.68 0.84 0.99 0.95 3.06 3.22 1.18 1.97 1.36 0.59 1.41 0.67 0.51 1.59 0.72 0.83 1.68 3.11 1.00 1.72 0.48 2.35 0.65 1.47 2.62 0.26 2.07 0.61 0.66 0.73 0.72 3.39 1.82 1.51 0.38 0.53 0.88 2.14 0.51 0.37 2.08 1.45 1.68 0.33 0.62 2.37 0.74 3.50 3.85 5.05 0.95 0.41 1.32 2.06 0.27 1.80 2.46 2.49 3.84 3.54 4.56 0.61 0.68 3.14 6.02 2.10 2.72 2.89 6.39 4.85 1.54 1.18 4.08 2.63 0.61 3.40 2.87 3.52 2.36 4.44 2.45 3.58
0.93 0.50 0.87 1.13 3.24 1.16 2.11 3.90 0.78 0.47 0.74 0.75 0.69 2.14 0.68 0.82 1.38 2.32 1.22 2.02 2.02 3.04 1.17 0.59 1.31 0.52 1.60 2.55 0.73 0.45 0.27 0.53 1.14 4.24 2.30 1.82 0.59 0.33 0.31 0.30 0.26 0.27 0.38 0.48 2.49 4.07 2.18 0.41 2.19 1.29 2.06 0.61 1.91 0.22 1.04 3.30 3.75 2.76 4.21 0.28 1.39 0.52 4.73 6.79 2.85 2.37 3.27 0.96 2.70 2.83 5.69 4.33 2.90 1.86 3.89 4.73 2.35 3.50 4.07 2.28 2.37 2.76 1.85 1.85
1.25 1.13 0.61 1.29 2.22 1.85 1.14 1.65 1.28 0.51 0.41 0.73 0.36 1.34 0.70 1.20 0.61 1.40 1.95 2.10 1.14 1.08 0.50 0.45 2.60 2.22 1.54 2.54 0.71 0.34 0.43 0.54 2.71 3.08 2.44 0.75 0.52 0.61 0.30 0.31 0.31 0.31 0.37 0.50 0.46 1.96 2.75 4.25 2.26 0.95 0.39 1.17 1.85 1.44 0.24 1.38 3.01 0.42 4.11 0.20 0.49 0.77 2.68 1.22 0.65 0.58 3.42 6.98 2.26 2.35 1.64 2.40 2.74 1.39 4.21 0.66 3.28 2.94 2.52 3.21 2.74 3.38 3.56 2.70
1.31 1.74 0.97 1.02 1.18 4.12 1.04 1.04 0.64 0.44 0.53 3.03 0.73 0.84 0.66 4.06 0.69 2.58 1.10 1.44 1.17 0.87 1.32 0.51 0.25 2.77 3.84 2.90 0.26 0.31 0.37 2.64 4.95 2.59 1.18 0.42 0.38 1.27 0.30 0.23 0.33 0.34 0.47 0.41 0.19 0.28 3.27 0.72 1.88 0.79 2.23 1.08 1.64 2.44 0.37 0.33 1.66 1.01 4.99 0.51 2.60 0.73 7.44 3.78 3.01 7.36 8.94 9.21 4.62 2.36 4.37 2.18 4.31 2.70 2.90 3.90 4.19 2.94 3.59 3.80 2.71 2.24 3.22 2.81
0.79 2.27 1.71 3.17 1.11 1.23 2.00 0.70 0.55 0.88 0.82 0.60 0.27 0.60 0.66 0.88 1.61 0.61 0.94 0.81 0.53 0.59 0.70 2.55 1.09 2.54 3.78 0.85 0.99 0.95 0.81 3.04 4.07 2.32 3.12 4.18 1.98 1.43 1.95 1.16 0.37 0.23 0.70 2.59 0.37 1.09 0.31 1.23 0.26 0.24 0.19 0.35 3.42 2.21 2.01 0.92 2.04 0.65 2.39 1.62 0.21 0.23 0.51 0.88 4.89 7.06 8.53 9.13 2.26 6.24 2.84 4.19 3.57 1.96 3.08 3.04 1.97 3.40 3.25 3.39 3.43 2.37 2.36 2.96
0.80 2.03 1.45 2.06 1.28 0.65 0.60 2.65 1.45 0.97 0.97 1.87 1.46 1.59 1.84 0.73 0.76 0.86 1.51 0.44 0.63 0.56 0.61 1.22 1.20 2.53 0.37 1.85 1.30 0.61 1.36 1.60 4.88 1.34 1.89 1.24 1.23 1.12 1.97 0.30 0.24 0.26 0.93 0.27 0.68 1.32 0.21 0.25 0.17 1.64 2.34 1.28 1.13 4.57 1.15 0.47 0.95 3.40 2.91 2.47 1.71 0.73 0.47 5.85 5.56 1.13 9.30 6.44 1.22 7.81 1.52 5.16 2.24 1.46 1.29 1.84 5.17 3.97 3.55 3.32 3.66 2.33 2.71 3.68
0.56 3.05 1.72 1.92 2.17 5.07 0.80 1.88 3.85 0.71 1.36 1.62 0.72 2.78 0.57 0.58 0.46 0.71 0.65 0.65 0.42 0.57 0.34 0.51 0.32 1.80 1.47 0.32 3.56 2.76 0.37 0.41 1.32 4.72 5.67 1.01 2.21 0.79 1.83 1.41 0.50 0.48 0.47 0.35 0.58 2.73 2.88 0.41 0.43 0.31 2.15 1.96 3.80 3.34 4.03 1.23 0.34 0.60 0.48 1.59 0.67 0.38 0.53 0.80 0.81 6.03 2.45 3.44 5.28 2.79 3.58 1.05 2.47 1.67 0.67 1.36 0.73 4.11 3.43 3.33 4.09 2.83 2.36 3.05
0.49 1.13 0.61 2.29 1.24 1.42 1.42 2.69 0.70 1.31 0.53 0.67 1.98 0.58 1.06 0.38 0.40 0.67 0.68 1.09 0.70 0.38 1.50 1.20 0.49 2.11 0.67 0.55 1.38 1.12 1.40 0.47 2.47 2.26 0.95 5.86 6.90 0.38 1.02 1.21 0.37 3.09 1.07 0.73 0.66 0.50 0.29 1.21 1.38 0.56 2.75 0.98 0.27 2.69 0.35 0.53 0.53 0.71 0.37 2.34 1.63 4.17 0.31 0.37 4.76 6.38 4.36 2.12 1.22 2.27 8.27 1.20 3.04 2.81 2.01 2.63 1.43 1.16 0.95 3.54 3.45 3.84 2.97 2.50
4.49 0.95 2.09 0.87 0.93 0.84 0.75 0.86 1.52 1.82 1.70 1.11 1.17 0.42 0.75 1.11 0.45 0.50 0.63 0.99 1.08 0.42 3.05 0.67 1.98 1.30 0.55 0.98 0.30 0.40 0.92 1.11 2.86 0.86 0.74 3.54 2.41 0.83 1.15 1.53 1.60 1.82 0.84 0.37 1.62 0.27 0.36 0.23 1.41 0.29 0.21 0.29 0.26 2.28 1.29 4.11 2.23 1.91 0.56 1.45 3.84 3.98 0.31 0.41 3.32 2.44 6.63 2.15 0.74 3.69 7.24 4.88 2.50 0.71 4.66 4.28 3.76 2.43 4.35 3.69 3.86 4.36 3.88 2.51
0.62 0.96 1.65 3.05 1.06 0.90 1.53 1.09 2.10 7.70 0.97 0.92 2.11 4.17 2.31 2.69 0.26 0.68 0.47 0.86 1.04 0.53 3.88 0.41 1.38 1.50 0.77 0.28 1.24 0.66 0.67 0.75 0.38 0.63 0.54 4.03 3.00 4.25 2.10 0.74 0.43 3.61 0.74 0.51 2.16 0.61 3.91 2.09 2.13 0.36 0.34 1.26 2.15 1.05 1.95 1.12 3.42 2.65 0.55 2.95 2.29 1.31 0.38 0.25 3.70 1.63 3.97 0.82 1.51 5.73 3.00 2.87 2.80 0.95 5.36 3.51 2.08 1.24 1.99 1.38 2.51 3.19 2.04 3.16
0.52 2.79 0.83 1.49 2.82 1.95 2.69 0.78 1.94 2.06 4.28 1.90 1.09 0.87 0.53 1.01 1.32 0.66 0.49 0.65 0.72 2.46 3.16 1.58 2.46 1.53 0.60 0.59 1.70 3.51 0.51 0.38 0.42 1.97 0.30 0.78 2.37 1.80 0.56 1.16 0.97 0.61 0.47 4.22 2.76 2.20 2.15 2.48 1.59 0.61 1.61 0.74 0.44 1.94 2.63 0.43 2.01 2.98 1.26 3.23 1.82 0.33 0.20 0.42 5.68 0.96 5.97 3.24 1.49 5.70 7.88 2.54 1.92 0.63 1.17 3.41 3.23 2.18 1.88 3.34 3.19 2.18 1.31 1.40
0.71 0.60 6.97 1.47 0.54 1.06 1.37 1.22 0.95 2.23 1.66 1.88 1.50 0.35 0.85 2.63 0.68 0.49 0.29 2.63 0.71 2.53 3.69 3.42 0.77 2.29 0.59 1.28 2.08 2.07 0.50 4.61 3.42 0.33 2.43 1.10 1.65 1.55 4.71 2.23 2.25 1.89 0.78 5.83 0.68 1.08 1.28 2.08 0.84 1.23 3.56 1.21 2.09 4.10 2.35 0.26 2.71 1.80 0.61 1.45 1.65 0.34 0.50 4.37 2.92 0.43 1.18 1.99 5.77 4.77 2.60 1.93 2.87 0.95 1.19 2.72 1.66 2.16 1.38 1.47 2.87 3.85 2.42 1.86
1.31 3.98 3.46 0.79 3.46 0.78 1.51 1.36 2.13 0.92 0.98 2.12 0.55 0.70 0.52 1.02 2.53 0.50 0.48 3.38 2.51 1.51 2.67 1.68 0.99 1.70 1.72 1.12 0.83 1.63 1.77 1.07 1.65 1.28 2.56 1.97 1.92 2.64 1.64 4.55 1.80 2.27 1.29 1.22 2.00 1.17 0.69 1.41 0.96 1.18 0.64 1.45 0.62 0.69 1.89 0.94 1.76 2.71 4.48 0.34 2.09 1.05 0.27 0.30 0.82 1.50 2.31 1.19 0.56 3.63 4.44 6.00 3.97 0.98 0.98 1.25 2.96 0.75 1.96 2.10 0.84 3.35 2.94 2.47
0.92 3.22 0.33 0.39 4.75 1.15 1.36 2.42 2.05 1.23 0.63 1.04 0.77 1.43 2.91 0.43 0.50 0.46 1.09 2.72 1.45 2.72 2.67 0.70 2.56 3.21 1.42 0.74 0.71 1.64 3.40 2.90 0.59 1.41 2.64 3.40 0.79 1.07 0.73 5.06 2.95 2.65 1.51 1.73 1.76 1.73 1.08 0.34 1.32 1.64 0.43 1.10 0.63 0.42 1.45 2.71 1.26 2.90 3.20 1.35 2.83 2.31 0.37 0.89 4.53 0.52 1.06 1.39 1.57 8.70 3.57 1.71 3.39 1.32 0.56 1.34 2.13 3.37 2.15 2.38 2.43 2.12 3.26 2.56
0.70 0.67 0.74 0.41 1.79 4.69 0.54 1.29 0.77 0.97 1.74 3.35 0.49 1.90 0.78 0.76 0.54 0.43 0.83 0.83 1.26 2.70 1.65 1.34 3.22 2.32 1.46 2.01 1.55 2.57 0.58 2.43 0.59 1.33 3.11 1.98 2.06 1.81 1.75 2.65 1.55 4.41 0.75 1.49 1.56 1.50 0.68 0.85 1.23 1.00 0.59 0.82 2.16 0.42 1.65 0.26 2.25 0.62 0.44 1.75 1.41 0.44 1.52 0.45 3.94 2.64 1.59 1.73 2.52 6.93 3.55 2.34 0.74 1.04 0.52 1.36 3.25 1.92 2.45 2.72 2.62 3.29 2.67 2.80
0.43 0.27 0.31 2.01 1.47 1.16 0.33 0.65 0.61 1.38 1.48 1.57 0.48 1.23 0.69 1.23 0.49 1.67 0.95 2.24 0.64 0.83 0.60 1.42 3.01 1.42 2.12 1.80 2.92 1.82 1.60 0.53 0.98 2.15 2.52 2.18 1.49 1.89 1.14 1.52 1.65 2.71 2.23 4.99 0.53 0.39 0.27 0.58 0.47 0.63 0.79 0.20 0.55 2.66 0.34 1.11 1.82 2.38 1.22 2.37 2.34 3.58 5.09 1.55 0.53 0.40 0.41 1.73 3.01 5.05 3.32 3.78 2.41 1.01 2.11 1.85 2.24 3.22 2.89 2.63 2.55 3.18 3.22 2.98
0.34 0.35 2.45 1.41 0.74 2.51 0.30 0.44 1.02 0.80 4.08 0.52 0.75 1.04 1.76 0.60 2.48 1.06 2.99 1.90 0.38 0.45 0.89 0.36 1.72 0.29 1.34 1.17 3.31 1.82 2.05 1.08 1.34 0.90 3.46 2.64 0.38 2.31 0.69 5.31 5.45 2.54 4.64 7.06 1.19 0.75 0.38 0.25 0.22 0.15 0.81 0.35 0.23 2.52 0.28 3.21 2.37 2.56 2.66 2.92 1.21 2.56 3.50 0.34 0.34 6.45 0.29 0.46 2.70 6.59 4.11 3.43 1.46 4.69 1.86 1.98 1.72 2.76 3.07 2.56 4.90 3.15 3.57 3.47
0.34 0.33 2.37 1.03 1.08 1.88 1.45 0.34 1.18 1.24 0.76 1.51 2.14 2.06 1.67 3.11 1.03 2.80 0.85 0.47 1.71 1.44 2.11 0.47 0.46 0.36 0.91 2.31 1.18 2.73 0.62 0.30 0.82 0.84 1.94 2.03 0.51 3.03 1.39 0.36 1.02 3.80 2.69 3.17 2.62 1.61 0.38 4.10 0.45 0.89 0.47 0.40 0.18 1.57 0.43 0.45 2.56 2.70 2.14 2.60 2.29 3.47 2.16 0.34 1.27 5.76 6.74 0.58 2.59 2.56 6.19 3.73 2.79 1.36 1.75 2.20 3.24 3.13 3.37 2.08 2.67 2.91 3.13 2.60
1.95 3.11 0.58 0.33 1.43 2.55 1.44 1.08 0.30 0.38 7.39 1.66 0.77 2.19 1.86 2.57 1.08 1.06 1.88 1.57 2.58 1.69 1.03 2.26 0.68 1.88 3.52 3.82 3.35 3.86 1.27 0.69 0.59 1.60 2.17 1.21 0.99 0.37 0.33 0.38 0.48 4.48 2.22 4.54 2.19 1.82 5.97 2.17 0.62 0.51 0.54 0.28 0.41 3.21 2.47 0.88 0.86 2.25 2.56 3.53 3.12 3.98 3.71 0.95 0.32 4.77 9.87 0.41 8.52 5.04 4.71 9.23 2.96 3.27 1.38 0.45 1.32 1.53 1.51 3.42 2.80 2.97 2.77 2.63
0.61 1.44 4.10 0.88 2.63 6.37 1.29 1.86 1.34 0.61 5.82 2.02 1.46 3.96 0.65 5.29 2.01 1.25 4.21 1.44 1.92 2.11 1.35 1.85 1.16 0.59 0.54 1.63 1.42 2.13 3.03 1.46 1.28 1.49 3.76 1.86 0.61 0.37 0.36 0.23 2.14 2.05 1.95 1.42 4.48 2.09 1.92 0.25 1.44 2.59 0.95 0.47 1.76 2.02 2.63 1.44 2.76 0.36 1.55 2.77 2.02 3.27 1.76 0.78 0.34 0.49 2.77 0.62 4.37 10.15 7.51 0.69 8.05 2.22 2.47 3.35 0.95 1.54 1.91 2.68 2.04 2.12 3.07 1.71
1.28 0.49 0.96 1.22 1.26 2.83 2.50 1.29 1.98 1.25 0.79 1.77 1.62 3.01 3.49 0.42 1.79 3.05 0.97 3.20 3.45 3.56 3.42 4.80 1.69 0.89 0.40 2.58 1.97 3.89 1.18 3.29 1.10 1.09 2.92 3.00 0.35 0.30 2.79 0.28 0.83 2.55 4.23 1.88 1.25 5.21 1.46 0.49 0.55 0.30 0.36 2.12 0.22 0.64 1.36 4.55 3.55 2.44 1.56 1.09 1.54 2.21 2.41 2.32 0.53 0.33 6.96 1.45 3.73 4.34 7.44 2.30 7.27 2.81 2.20 2.42 2.86 1.52 1.87 2.37 2.13 1.60 1.77 2.00
2.17 1.18 2.88 2.63 0.82 1.52 3.22 1.04 0.62 1.01 0.48 1.02 1.19 1.29 1.96 4.94 2.38 4.50 1.64 5.45 4.08 2.94 2.01 3.69 3.57 2.98 3.12 1.83 0.82 2.89 3.15 2.97 5.55 0.62 2.89 4.08 2.41 0.34 3.36 0.42 1.70 0.78 1.64 5.35 1.42 0.76 2.09 0.46 0.31 1.43 0.39 0.16 0.22 0.16 1.95 4.66 2.49 2.13 0.24 2.12 1.36 1.28 0.26 0.27 0.79 0.91 2.56 0.79 2.60 1.21 5.58 3.82 1.60 2.32 2.55 2.84 2.33 2.27 3.00 3.28 3.54 3.07 3.01 1.40
1.11 0.93 1.16 2.74 0.34 0.69 3.04 3.98 0.62 1.36 2.24 1.18 3.25 2.12 2.23 1.30 2.09 2.85 2.87 2.34 3.20 4.61 3.65 2.94 3.11 4.49 3.16 2.97 2.56 0.49 0.39 0.60 5.44 3.61 2.89 1.87 1.22 1.05 1.70 0.63 1.30 1.28 2.18 3.28 3.20 6.29 6.35 7.24 0.53 0.42 0.18 4.83 2.87 0.30 3.67 3.15 0.22 1.76 3.02 1.39 2.00 3.02 1.19 1.44 0.56 0.84 2.40 1.62 1.46 2.93 3.28 2.51 3.22 0.73 3.29 1.99 2.99 1.06 1.41 0.64 1.12 1.96 1.75 3.09
0.64 0.52 2.46 0.60 1.53 2.02 1.55 2.69 0.66 1.77 0.40 1.94 0.47 1.73 1.13 0.69 1.94 2.21 1.46 2.46 5.31 1.95 0.73 0.95 1.35 3.56 2.70 0.93 3.41 1.48 1.22 4.27 2.81 2.66 2.61 2.07 1.27 1.68 1.40 0.75 0.31 1.40 3.81 1.99 0.60 0.64 4.66 2.73 3.81 0.45 0.21 0.25 3.03 0.20 0.42 2.89 1.62 1.32 0.90 0.19 0.13 3.14 0.59 0.21 0.98 0.73 0.45 0.40 4.69 9.67 2.72 3.86 3.05 4.49 3.30 2.08 2.55 2.79 0.82 2.16 0.85 2.23 2.66 2.10
0.80 0.77 0.48 0.53 0.70 0.84 1.60 1.94 0.95 1.19 2.27 1.36 1.94 2.67 6.08 2.98 2.35 2.50 2.55 2.48 2.53 2.72 0.62 0.61 2.25 1.73 1.38 1.52 2.78 2.57 1.51 4.76 4.22 1.12 2.22 1.42 0.88 0.81 1.33 0.47 0.55 2.52 1.82 2.48 1.01 0.72 0.58 4.35 4.04 3.50 0.51 0.23 1.37 0.27 0.27 0.65 1.24 0.62 4.14 1.67 0.15 2.43 2.32 0.40 0.37 2.03 0.37 0.27 0.50 5.30 2.87 2.61 1.97 4.65 2.38 3.05 1.76 2.52 1.27 1.29 1.90 2.05 1.58 2.00
2.48 1.01 0.65 0.46 0.38 0.40 1.55 2.90 0.87 2.80 0.62 0.81 1.20 1.59 4.35 2.04 2.66 2.05 2.05 1.76 2.37 2.38 2.26 0.99 0.78 0.40 2.40 0.83 1.87 0.48 3.14 2.75 3.16 2.60 2.71 2.70 2.05 1.61 1.18 1.62 1.27 1.11 0.68 1.02 0.40 1.40 1.43 1.74 2.00 2.06 0.44 0.29 0.26 0.38 0.31 0.45 1.13 0.67 2.72 2.01 2.26 2.77 1.77 1.60 1.18 3.20 5.75 0.42 0.33 4.88 5.87 0.76 2.55 1.46 2.68 3.35 0.95 1.11 1.93 2.38 2.66 2.45 1.88 2.12
3.52 0.83 0.44 0.21 2.13 0.38 2.38 1.62 1.24 0.85 0.21 0.26 1.38 0.92 4.50 1.36 3.51 2.34 1.78 0.52 0.52 1.77 1.18 0.23 0.57 0.32 0.38 0.44 0.99 2.09 1.21 0.42 1.23 1.13 0.23 0.63 1.05 1.60 1.46 1.89 1.67 2.91 1.96 2.56 1.85 2.26 1.32 2.14 3.10 2.07 0.83 0.37 0.46 0.38 2.30 0.20 0.34 2.72 2.12 2.58 1.67 1.48 0.23 1.36 1.74 0.57 2.38 2.57 2.71 0.78 6.05 2.76 2.40 3.91 3.66 2.17 2.89 1.98 1.72 2.94 2.22 2.39 2.84 2.02
1.23 0.55 2.50 0.56 0.65 1.75 2.91 1.60 1.19 2.59 0.34 0.33 2.11 1.89 2.70 2.33 2.49 3.45 1.17 1.09 2.16 3.34 0.90 0.25 0.56 1.33 3.59 0.40 2.43 1.42 0.37 1.96 1.89 0.38 0.91 2.74 0.46 1.69 1.60 1.57 2.07 1.42 0.73 0.89 1.87 0.82 0.31 0.67 2.25 2.37 0.74 1.12 2.37 0.41 1.58 4.08 0.40 1.86 2.60 2.39 1.77 1.16 0.90 1.50 1.40 0.52 1.45 2.40 2.18 2.23 1.68 4.45 0.78 2.55 2.48 3.38 1.71 2.34 2.06 2.44 2.63 2.20 2.19 2.11
