packages/cartolidar/cartolidar-0.0a14-py3-none-any.whl/cartolidar/data/asc/PuenteDuero/348_4602_2017_fcc3m.asc
ncols 200 
nrows 200 
xllcenter 348005.000 
yllcenter 4600005.000 
cellsize 10.000 
nodata_value 255 
[rows 55 to 109 of 200, columns 0 to 95 of 200]
25 47 41 37 51 06 33 04 51 62 25 10 28 35 57 56 33 08 45 70 54 12 09 60 66 27 79 16 64 35 69 12 02 11 56 02 42 52 04 30 68 09 08 49 31 38 09 25 09 45 03 27 60 02 65 23 14 57 37 47 11 00 06 57 13 45 00 00 67 67 00 35 15 08 00 61 10 18 71 00 24 00 33 47 30 08 01 25 03 27 03 02 00 64 42 14
19 63 50 32 00 43 56 27 06 61 36 07 00 00 00 36 19 29 18 02 32 42 32 00 09 77 06 16 31 05 07 59 36 67 70 34 03 71 60 65 17 04 62 27 02 46 17 29 43 19 06 20 07 14 17 32 34 26 07 64 31 46 27 09 11 23 26 02 11 32 00 06 26 00 00 72 45 00 36 17 85 00 64 22 30 01 36 37 23 41 00 00 00 00 36 62
01 61 09 57 44 46 05 18 41 71 06 31 46 34 51 61 23 17 15 12 15 44 52 34 26 46 21 19 35 00 28 23 00 00 09 29 18 18 04 10 27 36 02 37 07 22 05 37 02 08 47 17 49 50 25 27 01 01 53 26 45 00 36 39 35 49 60 07 56 36 10 63 43 03 34 15 22 01 40 00 02 22 33 16 65 00 09 06 56 00 00 52 53 31 19 37
38 37 00 34 19 26 14 20 34 32 31 43 22 13 39 57 64 60 40 10 38 24 31 63 34 43 31 11 09 23 77 20 59 06 52 27 00 00 83 54 46 35 14 17 36 35 22 68 30 38 16 53 40 36 77 47 51 00 54 19 00 10 40 54 17 00 09 10 76 25 07 32 53 03 48 00 63 06 46 41 00 06 76 03 01 00 87 48 29 14 47 02 08 40 22 39
00 27 55 35 27 30 45 39 15 43 15 25 20 41 42 14 18 27 29 69 06 28 50 71 36 01 27 38 37 36 17 21 27 21 00 00 02 19 06 42 03 25 36 08 63 29 25 32 04 11 21 02 33 48 64 08 59 38 50 84 06 01 63 33 47 33 60 52 33 15 37 26 04 41 42 00 71 34 52 14 26 08 14 49 38 00 37 08 17 23 11 03 64 22 09 26
10 46 31 50 25 53 25 53 45 37 44 28 18 36 51 16 29 21 23 68 00 32 43 11 49 01 37 56 12 65 16 83 19 01 53 37 54 09 06 11 26 24 26 12 09 41 47 13 25 54 31 43 46 43 12 59 12 29 34 18 33 17 37 21 12 04 00 40 01 19 48 00 67 16 52 00 56 37 18 01 84 15 00 00 00 00 75 11 12 19 00 42 47 70 01 00
00 59 50 29 57 27 58 35 27 44 51 68 85 73 08 60 58 23 66 09 00 32 04 38 19 55 59 35 26 02 00 00 00 31 58 37 43 18 00 08 31 13 15 32 07 31 21 42 48 53 05 08 40 25 77 24 60 08 26 33 43 16 49 18 14 37 29 09 00 02 58 15 74 24 00 00 39 28 00 00 21 26 12 00 44 28 00 00 00 00 33 35 00 37 31 02
00 01 27 29 40 23 18 45 47 26 26 25 13 00 47 06 13 37 46 01 10 42 18 62 35 39 23 13 48 10 64 13 00 30 16 57 11 19 39 00 00 52 05 22 41 43 15 57 45 78 09 62 39 44 50 59 08 04 50 01 23 25 31 50 04 94 28 33 48 02 00 00 01 01 00 26 13 85 02 28 27 01 88 12 21 07 00 45 29 00 32 21 49 36 42 69
00 00 29 46 07 07 28 31 49 36 52 53 01 10 14 43 07 60 15 18 64 50 23 15 20 18 24 32 29 24 08 60 18 45 21 41 38 44 12 35 38 35 10 66 61 30 22 53 00 03 08 01 68 47 24 44 32 21 25 41 42 20 06 14 20 43 28 01 30 06 00 27 25 91 62 88 05 24 00 00 54 31 71 08 69 20 00 75 24 00 00 00 41 45 27 06
16 00 47 21 58 17 61 45 54 00 15 12 34 69 09 60 33 52 06 21 27 03 32 43 10 27 25 52 14 07 00 14 21 40 00 28 01 32 37 21 16 32 72 22 03 33 48 40 20 46 41 32 17 14 38 18 38 20 42 69 04 64 56 82 39 08 12 25 70 85 60 90 81 43 31 00 11 44 68 00 01 12 10 01 13 02 00 48 11 00 00 00 04 68 76 00
48 00 51 55 30 27 00 48 11 56 50 33 25 41 50 45 41 42 09 35 32 42 40 39 29 26 22 21 40 83 27 18 28 42 30 51 33 21 10 14 45 18 47 00 16 12 06 38 28 42 31 43 57 31 67 28 63 00 29 01 00 00 08 27 42 50 79 94 52 18 22 09 20 34 20 00 39 90 53 00 00 88 78 01 75 40 18 98 15 00 00 00 12 21 00 00
36 00 18 29 29 53 39 41 58 21 72 22 50 48 09 52 41 18 19 23 49 50 23 32 35 35 19 28 20 25 09 34 36 25 23 22 50 45 21 35 48 32 65 29 73 00 10 75 10 00 72 17 14 15 00 12 31 00 00 16 16 03 16 59 54 65 17 36 15 30 00 00 00 02 06 17 48 00 00 00 00 00 09 10 74 00 00 07 01 00 00 00 00 00 00 00
33 36 00 45 36 63 32 37 69 46 07 34 18 94 00 25 61 25 72 21 20 32 47 52 00 37 14 12 54 40 47 34 67 12 43 38 13 31 22 27 23 81 25 11 66 07 91 21 06 47 12 10 03 00 12 22 04 11 46 54 36 95 36 29 64 50 14 24 23 04 00 00 11 59 68 42 10 00 00 00 14 05 64 08 20 53 05 65 29 24 25 00 00 00 00 00
46 00 02 40 40 28 43 10 11 52 65 25 48 08 33 42 27 10 08 20 35 15 50 10 48 25 32 03 05 10 24 19 41 22 50 00 44 62 06 17 17 05 00 00 53 15 29 25 11 00 00 00 00 00 19 73 44 20 33 23 71 19 16 21 32 78 61 06 00 00 00 21 11 00 63 65 18 00 00 01 17 67 23 01 79 07 15 00 03 40 51 00 00 00 19 00
17 43 03 41 36 41 38 27 62 00 51 71 47 35 39 23 40 08 53 30 29 33 22 37 36 08 80 31 51 13 19 29 24 29 00 13 02 29 39 16 86 16 00 00 00 10 04 03 48 40 46 46 40 69 00 14 00 00 29 01 73 24 30 34 04 50 58 14 22 29 50 81 76 21 02 22 17 00 00 79 02 22 34 09 16 25 60 02 47 07 44 01 00 00 01 15
00 05 00 02 18 12 29 36 37 33 38 01 13 36 56 06 25 27 58 32 54 45 01 31 71 12 32 00 60 88 56 11 36 08 20 50 04 32 60 00 05 01 03 44 46 45 14 00 12 09 26 14 53 01 20 62 11 12 56 70 76 00 46 48 36 54 45 96 92 53 00 00 01 07 00 04 09 00 07 38 00 70 42 12 78 30 53 17 48 40 13 62 00 00 00 00
17 41 18 12 62 70 25 42 03 23 00 31 23 22 17 25 37 09 08 36 09 72 00 00 50 16 06 00 09 00 09 03 43 42 87 00 00 00 01 37 87 77 86 48 42 12 60 33 00 88 59 25 62 23 25 14 42 67 31 52 60 00 20 21 25 07 79 96 54 87 51 00 00 00 00 00 13 36 12 52 00 01 51 00 53 50 34 65 11 39 00 85 11 00 00 26
16 21 04 05 62 00 12 00 20 41 42 20 27 73 44 19 13 04 46 30 23 35 04 00 14 05 73 13 25 00 06 01 00 23 17 14 13 30 39 74 50 100 76 31 36 08 18 03 08 23 32 14 92 93 23 23 11 35 42 85 00 30 81 64 48 54 12 00 02 44 39 61 10 00 08 00 01 03 00 00 00 15 29 08 23 03 57 18 65 51 02 81 15 10 00 61
39 32 14 01 87 09 80 25 25 17 17 48 49 32 49 11 19 40 42 45 09 65 61 07 57 02 35 02 03 36 31 51 60 32 28 23 74 75 35 92 76 00 13 05 16 03 11 78 48 76 91 04 46 51 32 36 11 46 04 02 00 03 10 00 00 06 00 00 16 00 09 87 05 00 93 42 14 00 47 36 00 02 31 11 40 00 08 34 00 38 05 00 33 60 12 08
71 76 49 00 13 22 06 79 52 38 41 35 10 03 32 25 64 40 47 00 60 38 50 00 40 29 36 39 23 38 71 20 27 24 32 28 45 41 29 64 22 01 86 51 64 33 17 35 87 74 76 15 64 05 30 05 75 00 17 07 37 00 00 00 00 16 41 12 00 00 30 21 00 22 52 76 29 00 26 24 25 50 85 00 00 00 00 00 00 00 00 00 00 18 38 02
42 63 58 00 48 37 41 24 13 48 28 56 25 62 72 00 35 12 00 00 14 04 00 25 75 98 71 38 38 35 55 45 32 14 12 38 46 91 45 44 53 54 66 04 87 18 50 78 37 26 87 04 47 39 18 23 29 38 00 00 00 00 00 00 04 09 56 23 00 44 28 46 03 83 01 00 00 02 19 76 08 14 14 42 04 05 10 00 11 23 52 01 19 23 19 15
64 08 42 00 12 55 06 07 50 22 36 30 03 00 06 00 57 70 00 06 59 67 12 06 00 51 07 28 25 57 30 14 44 18 34 71 82 91 31 85 59 47 12 06 45 55 20 11 11 54 63 00 32 27 25 20 58 76 00 38 10 32 27 42 27 76 47 80 29 39 15 00 00 00 00 12 16 92 50 26 13 27 41 46 48 11 84 21 08 00 42 05 36 00 09 38
65 28 71 00 14 41 39 59 28 47 32 12 44 16 00 08 11 00 07 34 61 58 39 52 52 80 33 40 44 17 50 43 11 30 45 82 75 47 40 30 76 03 40 46 89 38 34 08 28 29 22 00 00 01 21 71 07 48 05 80 29 78 20 08 43 01 07 76 31 54 17 43 32 70 00 42 82 00 20 40 26 39 23 00 22 32 69 41 05 00 28 13 20 02 58 15
46 58 02 25 22 33 60 26 26 60 33 73 47 00 40 85 67 00 85 79 84 93 07 88 87 41 50 10 26 08 64 10 22 51 46 80 01 53 74 03 58 15 45 39 64 50 10 03 01 25 12 04 13 47 23 47 40 47 44 93 25 39 38 59 91 30 00 12 71 10 96 47 47 42 00 00 03 00 34 63 36 24 32 11 80 36 27 34 10 17 26 03 01 22 37 01
69 76 38 98 01 00 35 36 00 00 01 00 00 00 20 46 02 00 10 10 26 40 12 85 96 84 24 00 03 16 48 63 29 32 85 53 47 44 34 08 87 21 73 07 20 10 78 19 05 81 20 60 36 13 31 80 79 60 47 49 50 05 00 71 38 00 01 35 62 68 28 60 74 26 31 27 14 13 48 40 97 25 59 31 29 20 25 08 41 75 18 29 01 20 01 00
18 47 46 45 00 00 00 00 00 28 22 00 00 00 00 01 00 00 07 03 27 89 56 65 68 59 20 36 40 18 02 29 28 29 72 37 21 39 28 11 28 00 64 47 12 06 85 62 43 46 46 51 29 40 34 91 07 18 06 06 00 00 00 82 13 00 17 51 37 82 00 64 13 14 79 23 39 52 58 17 30 33 06 01 00 05 11 00 70 65 00 81 23 00 03 00
10 39 59 88 00 00 04 00 10 98 86 50 30 00 00 00 00 24 90 65 67 67 45 23 00 08 15 68 35 40 21 43 23 53 78 28 06 62 04 80 21 06 73 05 88 70 75 44 14 93 34 02 34 39 56 73 78 97 20 11 08 00 00 13 00 00 59 74 65 37 00 66 10 62 14 32 60 66 33 52 17 30 06 32 32 21 00 37 02 19 04 11 00 02 52 50
36 36 64 23 00 00 25 03 70 78 80 80 91 00 00 00 21 64 01 12 11 02 12 21 00 22 31 00 00 44 28 63 34 91 74 28 37 70 12 04 14 33 67 06 19 27 42 34 69 68 06 02 56 31 34 87 99 83 39 05 53 17 35 88 25 50 01 70 61 48 40 24 63 51 12 59 50 09 28 52 03 27 18 83 40 12 00 13 00 00 34 47 57 26 07 20
54 41 28 68 22 00 26 71 83 48 63 94 82 67 27 00 20 23 10 01 72 32 23 72 18 51 35 32 10 44 15 35 39 52 95 86 28 75 90 17 49 58 03 67 08 50 60 66 18 03 35 66 69 11 14 05 66 56 83 25 63 79 34 00 35 27 17 02 04 09 08 09 42 31 00 00 08 13 12 00 00 36 07 15 01 00 00 00 04 14 13 10 17 50 25 04
44 20 54 29 19 00 64 27 23 29 15 05 73 92 16 00 20 34 00 00 12 00 02 36 69 75 16 21 61 37 64 56 37 84 19 00 43 90 25 60 92 66 57 32 67 87 98 43 05 00 53 85 00 59 47 00 00 35 54 86 29 59 00 00 00 31 06 01 38 71 32 27 21 10 01 00 10 00 07 00 08 06 00 00 00 04 29 00 16 06 17 36 50 97 42 02
22 68 15 67 54 00 52 42 61 36 06 11 41 64 00 35 17 30 00 00 00 00 22 55 20 78 51 63 57 42 23 23 63 81 22 27 75 42 00 00 00 13 25 50 69 33 92 21 00 00 32 15 09 32 46 25 07 76 27 98 77 21 58 32 00 00 00 54 42 44 06 09 64 00 32 41 00 00 16 00 12 11 38 02 01 70 16 08 46 20 69 83 17 45 14 12
37 18 66 67 65 07 00 70 03 42 51 35 95 42 26 34 16 54 00 00 00 00 04 50 62 62 15 62 38 12 25 54 36 42 18 88 66 40 00 00 00 55 68 68 77 52 03 00 00 00 14 08 38 80 58 16 01 36 24 09 17 44 98 23 31 06 00 31 00 01 22 01 36 12 08 59 53 20 31 26 34 00 47 01 26 16 00 25 55 65 69 20 02 13 47 57
78 64 06 24 76 12 00 51 47 19 69 88 24 26 90 54 01 01 00 00 00 00 00 40 13 67 40 12 47 63 64 32 52 99 19 37 18 26 26 46 30 14 52 76 52 28 43 39 50 00 91 72 34 68 96 64 20 32 65 01 23 13 47 20 09 00 01 22 01 38 78 20 42 21 03 59 25 50 32 01 03 01 08 02 15 18 13 50 18 49 88 81 16 27 31 26
00 06 26 67 13 20 14 97 60 61 21 90 52 25 84 76 78 85 19 00 00 00 00 10 40 04 27 00 04 41 74 62 62 97 05 71 42 80 00 18 72 58 76 95 10 27 94 73 13 23 50 08 47 37 24 45 42 47 46 03 23 75 67 51 14 00 36 62 00 07 88 41 83 50 55 71 81 84 63 00 39 09 63 56 51 46 62 73 90 61 18 00 15 68 34 06
06 45 38 80 17 87 00 26 24 15 10 45 45 13 36 69 78 77 78 54 30 14 01 06 28 24 56 00 06 35 44 19 27 70 02 35 75 52 52 41 29 06 25 52 37 10 96 87 27 64 72 21 32 00 03 43 07 11 13 50 31 53 67 31 74 02 00 14 27 41 15 28 30 23 35 31 46 71 73 61 74 20 44 40 34 98 10 30 69 55 05 15 24 13 34 16
25 89 47 17 38 26 00 43 56 41 70 25 66 79 58 69 76 86 80 64 43 41 03 06 08 35 55 23 26 00 02 03 56 69 34 95 15 47 68 63 09 00 27 27 03 32 93 26 38 93 42 66 38 30 35 13 47 76 47 06 54 48 98 50 44 16 04 04 39 73 62 48 21 17 35 47 34 50 73 91 86 22 33 51 62 78 27 60 34 17 07 41 06 04 26 01
27 37 55 39 63 21 00 22 85 52 53 10 75 53 73 75 68 38 60 79 67 36 61 90 71 13 35 05 10 80 51 47 73 77 62 45 14 65 02 02 55 00 68 61 28 50 72 53 21 21 84 84 89 51 45 67 25 68 58 10 63 70 44 00 25 27 23 26 18 42 18 66 54 57 51 54 30 25 44 77 76 41 31 100 28 08 27 05 06 00 47 01 12 11 21 22
63 22 38 64 62 39 06 31 83 60 77 27 59 53 61 22 42 55 50 47 11 59 68 89 40 83 92 70 32 80 17 49 39 75 16 27 43 73 03 45 14 10 30 82 61 09 47 43 84 06 76 76 83 33 62 28 15 49 47 20 33 41 16 00 56 08 75 27 17 52 47 25 36 92 04 72 70 37 36 61 62 80 00 35 31 08 05 14 16 00 00 03 21 65 34 16
68 18 20 33 41 87 03 23 89 19 87 39 73 96 44 44 67 37 47 31 35 15 68 14 59 53 78 58 13 74 39 23 47 32 04 36 48 05 86 40 45 09 86 20 31 69 16 98 17 08 11 01 22 07 30 48 48 28 71 38 87 16 22 27 50 32 49 60 01 70 35 42 20 69 51 28 15 05 14 32 65 14 00 43 00 00 23 28 14 15 05 27 21 25 72 55
61 59 11 16 31 55 10 00 80 47 33 75 91 48 33 61 93 42 14 73 62 71 71 57 60 30 05 43 33 54 70 63 67 13 47 56 13 59 39 43 79 78 74 29 76 99 43 12 05 46 35 25 79 17 45 72 55 63 59 23 90 50 81 60 70 59 48 34 24 25 21 25 13 45 10 00 46 57 48 28 51 65 01 00 18 01 07 13 09 31 43 38 21 16 04 09
33 01 00 44 32 83 58 00 32 53 26 43 08 00 63 84 79 61 59 72 33 80 51 43 15 16 77 68 40 94 67 04 82 00 00 03 59 64 05 56 24 90 16 21 23 67 46 20 23 09 68 17 18 57 43 49 34 46 42 43 49 78 59 04 07 66 50 45 30 60 26 14 28 69 26 31 04 21 06 15 02 60 18 09 43 23 41 07 43 52 04 08 19 20 01 13
78 29 62 35 59 79 52 08 05 88 83 74 13 20 100 76 22 31 57 83 45 82 43 21 94 11 39 85 62 36 00 00 00 00 18 31 53 70 55 55 34 80 58 22 02 56 43 61 46 46 68 50 61 38 52 44 59 20 48 35 04 14 12 22 60 00 15 25 16 35 06 47 01 00 00 35 10 26 18 01 55 36 25 14 05 70 12 15 02 19 14 42 26 30 40 18
65 08 92 00 08 00 50 00 02 94 35 30 71 13 90 63 57 62 62 46 64 39 62 66 23 91 56 48 94 27 20 20 05 39 91 32 20 68 57 00 03 01 21 82 25 70 34 66 28 29 34 44 37 83 70 03 14 69 30 64 49 38 77 22 98 27 25 18 18 37 06 69 17 43 12 86 21 64 32 62 53 47 58 34 09 19 13 11 16 03 05 21 29 31 18 00
68 08 21 28 16 03 97 00 02 59 40 00 56 58 16 75 51 29 34 38 65 89 19 10 22 89 00 00 00 18 41 00 78 98 66 37 51 88 06 00 00 12 66 58 59 40 18 63 15 06 33 73 23 88 54 37 33 14 35 30 37 54 03 52 33 26 36 04 10 82 01 00 00 37 03 63 28 77 51 62 40 08 11 00 24 43 28 36 35 06 25 25 07 24 04 12
30 00 77 25 22 18 21 00 00 22 40 22 59 72 05 62 27 60 43 77 39 06 12 39 36 40 00 34 11 85 57 21 29 25 15 55 36 23 30 25 31 23 66 41 27 19 32 42 01 34 05 24 25 85 58 50 52 45 54 46 15 41 30 15 02 22 12 01 05 04 05 34 38 86 15 38 24 11 05 33 42 25 53 01 60 19 38 25 32 37 59 33 06 51 08 30
13 00 29 02 92 26 66 12 00 00 48 72 65 72 86 17 71 35 51 77 81 45 00 48 19 25 14 85 49 04 63 24 59 62 12 17 61 07 45 03 08 11 00 34 52 14 80 10 23 33 33 65 34 39 36 18 39 19 06 55 14 04 20 88 49 02 57 40 10 68 64 25 23 18 58 22 76 64 60 28 26 83 89 27 42 68 27 68 59 16 25 05 50 43 36 34
56 25 80 21 58 15 91 08 00 01 69 75 71 26 80 23 77 50 70 63 26 09 14 07 49 98 44 44 38 56 93 23 05 76 48 15 54 07 15 00 21 33 22 00 32 31 24 09 05 30 08 67 69 31 27 26 38 66 49 79 45 05 71 06 06 05 29 33 51 60 20 53 24 82 65 51 65 100 25 40 56 47 42 41 00 11 17 10 17 43 51 01 56 83 51 74
38 78 03 08 28 17 59 15 00 00 34 23 50 00 45 60 43 49 50 42 09 61 51 39 58 23 28 72 13 69 25 00 30 59 59 57 66 56 30 28 71 97 63 07 05 15 27 32 62 42 31 56 17 16 60 49 48 21 92 64 26 36 12 42 05 67 14 64 78 53 91 60 51 50 95 78 18 61 80 62 31 50 27 41 17 32 35 06 35 20 34 53 62 38 38 21
05 48 44 68 00 24 54 46 00 00 38 25 30 32 79 31 57 51 41 44 26 26 44 83 75 24 55 74 22 30 55 34 13 50 37 49 45 11 46 42 71 65 06 00 07 59 84 26 42 61 26 42 58 56 82 70 85 27 82 37 23 50 12 58 00 10 20 13 41 32 46 55 61 25 79 65 81 35 58 10 25 03 54 63 08 46 16 61 28 62 46 53 40 75 34 39
10 29 06 10 44 36 26 76 15 00 87 60 70 75 70 65 60 60 22 31 06 25 38 34 64 21 42 44 56 53 75 12 70 16 06 90 56 06 25 28 26 46 59 35 13 53 26 69 76 57 85 61 68 02 48 34 30 55 65 79 45 41 55 34 29 19 28 02 08 24 00 20 47 43 30 32 72 25 45 00 16 29 15 15 02 56 32 31 32 48 37 50 23 50 18 39
64 34 56 28 15 66 06 01 21 00 44 12 25 51 27 33 62 29 56 07 34 52 21 30 40 71 22 25 85 49 51 63 58 52 64 38 00 80 76 44 13 58 46 88 62 82 53 80 77 38 88 60 82 44 57 68 35 53 25 55 47 11 06 00 02 69 22 49 64 11 76 19 90 28 46 36 51 33 17 29 47 65 10 12 08 61 47 34 00 34 78 48 62 52 18 22
46 54 66 27 17 86 75 28 52 00 00 05 84 78 83 33 75 71 09 26 41 11 68 70 42 35 62 58 90 91 81 64 47 34 20 26 20 59 51 25 70 29 28 61 38 36 08 68 56 61 24 53 53 41 83 68 59 35 06 55 24 50 78 91 48 89 70 73 45 17 27 53 64 88 03 00 31 63 00 17 00 11 48 58 34 16 26 45 37 13 00 33 74 35 42 36
41 36 29 52 21 12 89 32 36 37 09 50 14 89 30 37 21 19 34 59 36 46 42 66 23 60 46 45 77 50 09 73 53 53 83 74 27 64 66 72 94 73 69 37 41 75 50 14 26 27 88 70 73 30 80 48 36 20 25 75 52 45 39 49 45 51 29 27 58 39 51 23 60 17 50 30 13 29 40 30 53 67 29 54 50 03 38 23 01 32 00 22 56 05 65 62
37 47 19 29 66 32 00 20 19 52 02 81 31 46 10 87 41 18 48 45 45 53 54 45 70 60 51 23 13 50 48 54 75 56 57 72 48 19 84 63 64 48 76 25 95 65 34 40 26 66 67 51 41 52 68 50 49 66 14 38 28 06 50 34 21 38 27 65 49 14 29 26 37 36 42 14 54 14 70 54 28 37 39 51 85 07 05 31 00 37 00 28 77 48 36 28
43 31 22 43 18 40 13 21 00 49 00 68 50 31 25 62 60 00 47 48 46 37 00 14 37 43 74 29 69 45 73 60 65 73 71 46 08 21 23 91 57 52 84 54 75 24 33 17 30 28 73 81 62 30 59 71 69 25 24 42 56 11 16 21 50 10 20 43 68 13 51 81 70 16 11 08 50 38 56 31 78 32 20 50 73 21 00 41 03 00 09 24 18 30 58 37
