packages/cartolidar/cartolidar-0.0a14-py3-none-any.whl/cartolidar/data/asc/PuenteDuero/348_4600_2017_cob050_200cm.asc
ncols 200 
nrows 200 
xllcenter 348005.000 
yllcenter 4598005.000 
cellsize 10.000 
nodata_value 255 
[rows 96 to 143 of 200, columns 96 to 191 of 200]
01 112 11 10 45 25 04 06 30 20 21 34 13 01 04 255 255 66 64 56 29 29 66 28 12 06 06 01 02 05 42 77 11 75 66 255 255 36 255 255 255 255 255 255 255 255 255 255 255 39 255 255 255 255 255 255 255 255 255 255 255 255 05 15 11 255 255 00 00 255 255 255 255 255 00 255 255 255 255 255 06 255 03 04 255 31 07 30 15 86 62 13 16 03 02 255
255 01 13 255 10 255 25 10 05 27 255 24 18 01 04 04 18 28 10 255 255 14 255 255 30 16 06 08 05 02 20 255 255 23 255 05 02 02 255 255 255 255 255 255 255 255 255 255 255 12 255 255 255 255 255 255 255 255 255 255 255 02 03 08 00 255 00 03 255 255 100 255 255 255 255 255 255 29 08 255 255 10 02 00 255 05 23 36 55 31 44 10 47 00 00 255
255 16 255 255 13 18 05 08 36 11 75 11 13 10 05 255 02 73 25 17 255 28 06 50 55 255 08 06 03 34 27 31 13 02 13 255 100 02 05 14 255 255 255 255 255 255 46 255 255 11 255 255 255 255 255 255 255 255 255 255 04 05 02 17 20 255 255 255 00 08 255 125 21 255 255 255 100 21 14 255 86 82 100 05 255 05 07 255 08 30 24 05 04 06 22 255
01 255 76 12 48 255 04 255 13 92 12 00 255 13 12 12 06 05 41 05 255 255 03 100 03 06 05 08 26 108 11 255 10 06 06 60 05 07 01 255 255 255 00 255 255 255 26 70 255 255 255 255 255 255 255 255 11 11 36 28 01 32 09 46 07 01 05 255 08 33 29 13 34 255 255 04 255 07 02 20 86 116 112 46 100 02 12 28 23 23 30 255 11 02 255 255
30 113 34 34 255 11 03 14 07 00 255 05 18 09 255 05 05 255 39 10 05 04 05 04 21 20 14 08 02 01 11 109 00 06 14 06 36 15 01 255 255 255 255 73 255 255 255 255 255 255 255 41 255 255 255 47 30 09 16 11 04 13 20 68 78 12 17 21 100 09 03 06 22 20 255 09 11 255 22 42 17 28 44 12 07 01 255 50 16 15 05 02 13 12 255 255
255 255 71 10 30 37 19 04 16 15 255 20 09 04 255 03 00 24 06 30 06 03 50 00 02 13 03 69 255 02 12 12 05 02 16 22 120 58 06 255 255 43 255 00 19 14 21 03 255 255 255 255 10 255 19 04 38 03 03 255 48 100 02 08 15 255 34 05 255 34 23 100 25 09 20 19 26 06 18 02 255 23 14 33 08 21 06 07 255 10 22 60 05 255 255 255
06 26 27 38 20 03 18 19 28 53 09 255 12 14 04 06 08 14 35 20 25 255 00 01 255 32 11 09 255 29 255 05 04 07 16 54 88 11 255 06 255 33 30 05 03 22 10 04 08 13 255 255 06 25 27 31 255 40 08 32 75 45 12 00 06 02 07 21 06 255 11 81 06 20 41 18 66 05 00 11 255 02 03 04 00 10 25 10 06 255 08 07 13 255 255 255
100 12 27 25 20 05 13 06 02 05 11 05 08 07 07 04 02 08 06 25 07 04 06 07 10 16 10 07 03 09 24 07 17 04 48 81 255 27 80 03 07 21 12 15 20 255 255 04 06 50 12 11 04 13 255 255 255 15 02 09 29 15 18 02 02 01 15 31 06 10 19 255 255 50 20 13 17 255 03 02 116 05 07 255 02 14 09 35 04 255 255 03 00 255 255 255
24 37 15 24 21 07 255 104 10 09 16 07 33 23 05 08 02 255 05 255 09 16 29 07 55 38 10 31 21 68 58 20 19 18 50 21 255 79 28 46 03 10 29 05 10 16 11 03 25 03 06 03 00 38 20 04 20 255 05 04 09 11 36 29 12 00 12 05 10 11 13 255 255 27 42 19 02 02 11 255 03 27 09 24 255 00 255 255 12 255 09 08 255 255 255 255
55 47 22 05 106 32 01 25 06 04 05 03 34 21 255 02 07 05 08 17 03 04 28 08 11 81 27 18 06 16 75 09 03 90 34 125 19 07 37 13 23 20 03 255 19 27 05 27 06 13 07 12 19 255 02 03 06 18 28 07 41 255 255 10 16 20 09 02 44 91 07 02 04 255 16 15 255 255 255 255 21 03 08 255 04 57 08 04 07 02 01 30 255 255 255 255
43 11 05 28 29 118 05 14 19 26 40 15 27 01 255 06 06 14 06 20 01 13 20 18 11 23 122 11 255 50 11 66 88 05 24 06 114 27 255 37 81 03 00 83 16 42 06 04 255 07 08 07 50 07 255 02 08 42 100 255 255 11 31 255 12 12 21 35 255 30 42 255 255 255 37 255 255 255 11 255 09 05 12 02 04 108 16 08 03 00 14 255 255 255 255 255
28 44 73 255 74 38 94 35 29 06 15 20 30 10 255 255 255 255 32 06 13 122 04 25 50 21 75 07 00 37 07 31 42 21 27 25 16 32 41 52 20 44 10 50 10 12 35 04 23 10 09 06 29 15 08 08 06 11 255 255 25 20 17 255 10 52 100 52 255 255 20 04 255 11 40 255 255 09 08 255 255 08 17 04 10 57 14 32 20 07 255 255 255 255 255 255
23 14 33 27 23 61 33 14 17 30 05 19 20 33 21 08 35 255 03 04 02 41 05 31 78 00 100 17 10 116 18 35 21 08 08 28 255 20 31 30 38 13 255 07 23 40 85 22 51 27 17 11 30 23 21 12 26 42 255 08 45 19 22 13 16 34 22 17 255 72 255 00 00 255 255 07 27 16 05 09 06 255 31 21 10 29 06 12 04 10 255 255 255 255 255 255
20 07 00 41 255 00 50 09 08 45 18 10 16 16 255 00 02 255 12 08 14 10 19 57 08 17 38 62 13 05 34 16 11 11 31 20 111 20 15 25 09 06 12 91 61 14 13 36 255 41 41 21 21 66 20 03 00 04 65 255 47 21 50 39 15 255 255 13 20 255 07 03 00 06 72 40 09 08 03 62 20 06 29 10 06 07 12 22 05 75 255 255 255 255 255 255
31 25 10 55 57 40 12 07 53 65 30 59 17 36 07 08 02 255 02 28 08 13 27 68 16 07 38 04 06 09 23 01 255 81 67 05 22 255 17 87 58 79 25 80 06 31 90 10 09 09 08 255 17 65 42 12 04 21 32 87 255 54 17 07 08 08 08 24 02 17 23 02 03 07 255 255 03 09 16 46 56 52 15 15 47 18 75 08 02 255 255 255 255 255 255 255
28 25 08 17 31 62 18 36 48 10 28 09 13 10 11 05 34 19 05 06 03 01 09 86 255 05 07 255 21 11 07 40 76 44 47 33 00 31 40 66 15 255 55 255 22 12 23 20 04 24 58 31 13 35 10 56 03 17 16 21 20 26 10 14 30 05 00 24 24 21 30 255 27 09 103 255 36 14 06 02 05 18 02 10 06 19 28 07 255 255 255 255 255 255 255 255
46 16 34 21 14 28 30 30 21 23 23 21 21 13 12 07 02 05 09 15 18 255 20 11 08 14 08 255 255 34 04 18 30 255 12 44 73 27 17 13 16 07 30 07 04 03 20 34 25 40 255 48 55 52 255 24 22 11 17 21 12 29 40 09 29 37 10 11 25 63 25 21 54 01 13 15 06 08 03 27 37 13 255 09 02 04 06 08 255 255 255 255 255 255 255 255
21 43 55 76 22 15 64 65 31 17 06 20 27 12 21 10 10 02 06 16 05 01 20 14 64 16 75 42 23 13 00 08 32 70 02 20 00 13 40 31 30 33 29 04 255 03 15 03 02 07 48 10 45 20 16 37 125 59 20 37 03 61 05 04 02 07 12 37 00 27 255 05 31 16 17 18 255 14 31 07 25 17 255 28 06 03 00 03 255 255 255 255 255 255 255 255
06 21 09 15 51 32 88 80 25 12 06 05 07 20 08 08 05 07 11 12 30 33 13 02 10 40 05 16 07 255 05 16 88 16 07 58 60 56 34 29 02 20 80 11 25 09 08 20 16 14 38 255 78 43 21 10 13 100 23 11 07 12 16 14 24 04 05 57 10 24 90 05 80 10 05 31 20 15 22 100 03 14 79 23 14 08 07 14 255 255 255 255 255 255 255 255
07 62 16 24 30 54 27 68 28 21 15 25 12 10 08 12 16 05 13 14 23 255 07 255 08 34 26 34 17 16 255 23 30 07 07 20 18 40 33 22 60 60 255 03 13 10 11 10 11 126 73 25 51 27 21 41 03 17 42 26 31 08 24 12 77 07 09 255 70 00 18 70 255 81 16 34 03 04 17 09 06 45 20 27 58 17 05 07 255 255 255 255 255 255 255 255
14 08 09 15 22 54 24 40 12 52 08 25 06 07 255 07 31 17 33 47 00 01 06 25 06 04 21 22 07 60 255 18 27 33 08 16 15 25 25 18 25 03 16 05 255 15 46 25 35 16 100 38 47 08 36 05 01 05 15 20 18 33 55 29 50 26 23 255 55 83 29 14 40 255 16 40 18 02 05 15 15 07 14 08 14 02 02 255 255 255 255 255 255 255 255 255
03 33 01 14 255 13 14 24 76 54 17 30 23 19 05 08 53 255 35 18 11 08 255 16 255 75 80 40 57 07 08 22 87 70 06 05 08 34 24 04 02 15 13 38 118 36 29 31 19 14 12 15 255 35 27 26 10 34 55 12 33 83 72 15 07 03 44 19 65 03 03 12 47 59 36 60 11 12 90 12 15 09 102 26 14 01 08 255 255 255 255 255 255 255 255 255
113 06 05 13 255 05 100 35 29 32 25 76 40 51 09 01 19 75 120 20 17 21 47 17 64 11 20 02 11 28 22 15 65 06 44 08 255 14 113 66 50 21 57 34 27 255 51 06 85 12 18 04 26 255 113 11 04 116 93 20 27 26 30 12 04 18 18 51 12 38 10 255 35 255 80 07 08 55 86 22 33 00 27 50 22 28 00 255 255 255 255 255 255 06 02 00
23 05 16 54 65 60 06 15 32 34 40 78 13 40 30 34 15 18 03 20 45 14 00 09 17 54 52 38 29 21 80 47 27 14 20 119 90 88 30 22 10 34 06 37 00 15 31 06 34 26 17 10 14 68 43 58 75 55 30 04 32 17 41 12 38 42 07 25 57 15 84 19 35 255 30 07 09 28 06 38 25 11 14 26 03 02 255 255 13 13 29 10 33 02 20 41
25 01 05 31 28 21 21 20 27 29 104 65 55 33 22 17 24 100 36 34 31 17 09 10 32 113 60 22 11 11 28 33 12 27 26 108 24 255 37 15 03 86 53 28 26 02 09 44 06 08 17 47 05 112 36 92 78 08 10 35 26 63 24 07 32 54 31 50 95 255 40 32 123 255 255 123 17 17 62 06 50 255 36 10 04 255 255 25 19 16 36 20 01 28 30 35
19 14 00 57 17 07 16 40 10 78 22 23 40 57 255 75 24 58 65 37 121 19 30 24 255 23 43 38 29 52 110 255 255 19 36 29 255 255 86 56 89 255 255 77 07 08 72 11 114 22 32 41 20 50 14 43 31 33 19 14 02 11 35 58 38 255 60 37 50 255 255 55 255 255 255 00 35 58 04 20 17 45 12 15 27 255 64 22 42 25 48 84 30 20 10 31
10 15 07 28 01 05 24 15 28 16 11 08 45 56 100 42 255 96 16 09 32 12 100 255 90 54 27 41 31 36 37 32 69 76 70 255 255 66 100 60 255 121 39 25 80 47 255 09 39 55 41 255 16 24 23 25 18 67 20 59 01 11 54 255 61 93 27 46 60 63 125 255 255 80 255 16 41 33 06 04 03 02 00 255 255 255 255 255 17 03 23 20 17 66 06 15
00 09 01 34 10 00 24 21 45 13 02 32 21 61 30 16 91 255 19 48 07 255 87 255 255 05 26 255 21 14 96 72 70 40 32 43 60 255 96 119 112 57 23 45 255 30 100 124 57 57 29 76 27 32 54 55 27 43 255 43 33 07 49 50 64 76 60 12 12 11 11 05 11 25 41 07 27 23 255 255 255 255 255 255 255 255 33 255 255 255 255 54 25 17 02 09
24 01 30 00 22 04 06 09 07 255 18 43 22 65 26 21 01 19 62 24 22 31 23 33 255 50 29 47 27 30 40 53 51 83 255 255 56 44 87 32 25 95 37 88 21 37 255 60 50 255 40 51 75 86 40 255 77 43 107 82 54 31 72 43 255 55 255 65 14 27 03 43 255 11 66 00 255 255 255 255 255 255 255 255 255 255 255 255 255 255 255 05 71 16 09 04
13 06 01 17 20 05 04 12 12 10 26 07 12 26 01 28 45 11 22 47 11 38 70 18 31 255 33 21 62 68 44 255 72 255 53 33 64 30 40 113 61 50 117 50 126 255 109 255 119 73 69 56 96 255 86 80 30 120 85 104 116 117 255 255 255 60 03 03 10 00 255 255 60 255 255 255 255 255 255 255 255 255 255 255 255 255 62 255 255 255 255 255 55 41 03 24
14 11 45 13 11 13 11 13 255 100 37 14 18 15 03 42 05 36 27 23 25 68 36 31 255 60 255 17 84 27 55 25 81 61 34 255 34 25 100 17 57 112 37 50 28 22 23 255 40 30 36 61 255 255 88 58 48 107 82 56 255 255 255 42 33 47 255 255 255 255 255 255 255 255 255 255 255 255 255 255 255 255 255 255 255 255 255 255 255 255 255 255 255 58 31 05
02 21 05 08 02 20 25 13 31 00 27 33 25 35 35 25 17 19 35 74 15 84 57 39 25 43 255 54 30 255 51 28 30 36 15 63 52 14 255 52 67 40 47 11 38 30 42 14 13 48 37 255 255 81 42 255 25 15 255 43 06 70 17 15 85 255 255 255 255 255 255 255 255 255 255 255 255 255 255 255 255 255 255 255 255 255 255 255 255 255 255 255 255 255 31 32
35 05 03 17 07 03 03 00 07 19 13 12 05 255 255 255 27 20 63 19 36 07 28 36 68 62 27 40 38 70 44 26 13 65 47 255 61 12 28 23 44 40 25 43 33 40 40 40 25 24 60 103 50 22 26 28 23 13 19 10 26 255 255 255 255 255 255 255 255 255 255 255 255 255 255 255 255 255 255 255 255 255 255 255 255 255 255 255 255 255 255 255 255 255 255 255
07 14 23 23 31 13 13 11 13 08 09 04 06 03 255 255 00 02 10 09 03 30 57 21 22 09 10 14 255 15 29 23 255 118 50 90 54 57 18 22 13 43 14 38 110 255 23 14 42 21 32 00 25 06 08 31 21 13 15 55 255 255 255 255 255 255 255 255 255 100 255 255 255 255 255 255 255 255 255 255 255 255 255 255 255 255 255 255 255 255 255 255 255 255 255 255
08 05 07 09 47 23 07 00 11 255 41 00 13 06 17 01 18 09 22 30 29 33 02 09 04 20 45 100 17 33 42 69 85 57 42 06 06 26 37 45 24 24 11 06 14 26 40 06 32 06 18 29 255 17 25 31 255 255 255 255 255 255 255 255 255 255 255 255 255 255 255 60 255 255 255 255 255 255 255 255 255 255 255 255 255 28 255 255 255 255 255 255 255 255 255 255
255 255 255 255 255 255 255 255 255 255 255 255 255 00 255 25 03 14 21 01 08 07 13 17 04 37 100 03 07 05 93 21 255 15 84 36 26 255 31 07 38 39 26 255 70 255 255 255 20 255 255 255 255 255 255 255 255 255 255 255 255 255 255 255 255 255 255 255 255 255 255 255 255 255 255 255 255 255 255 255 255 255 255 255 125 255 255 255 255 255 255 255 255 255 255 255
255 255 255 255 255 255 255 255 255 255 255 255 255 255 255 255 255 255 255 255 22 25 03 01 00 05 06 06 23 255 00 00 255 00 00 255 255 255 255 255 255 255 255 255 255 255 255 255 255 255 255 255 255 255 255 255 255 255 255 255 255 255 255 255 255 255 255 255 255 255 255 255 255 255 255 255 255 255 255 255 255 255 255 255 255 255 255 255 255 255 255 255 255 255 255 255
255 255 255 255 255 255 255 255 255 255 255 255 255 255 255 255 255 255 255 255 255 06 255 255 255 00 21 255 255 255 255 255 255 255 255 255 255 255 255 255 255 255 255 255 255 255 255 255 255 255 255 255 255 255 255 255 255 255 255 255 255 255 255 255 255 255 255 255 255 255 255 255 255 255 255 255 255 255 255 255 255 255 255 255 255 255 255 255 255 255 255 255 255 255 255 255
255 255 255 255 255 255 255 255 255 255 255 255 255 255 255 255 255 255 255 255 255 255 255 255 255 255 255 255 255 255 255 255 255 255 255 255 255 255 255 255 255 255 255 255 255 255 255 255 255 255 255 255 255 255 255 255 255 255 255 255 255 255 255 255 255 255 255 255 255 255 255 255 255 255 255 255 255 255 255 255 255 255 255 255 255 255 255 255 255 255 255 255 255 255 255 255
255 255 255 255 255 255 255 255 255 255 255 255 255 255 255 255 255 255 255 255 255 255 255 255 255 255 255 255 255 255 255 255 255 255 255 255 255 255 255 255 255 255 255 255 255 255 255 255 255 255 255 255 255 255 255 255 255 255 255 255 255 255 255 255 255 255 255 255 255 255 255 255 255 255 255 255 255 255 255 255 255 255 255 255 255 255 255 255 255 255 255 255 255 255 255 255
255 255 255 255 255 255 255 255 255 255 255 255 255 255 255 255 255 255 255 255 255 255 255 255 255 255 255 255 255 255 255 255 255 255 255 255 255 255 255 255 255 255 255 255 255 255 255 255 255 255 255 255 255 255 255 255 255 255 255 255 255 255 255 255 255 255 255 255 255 255 255 255 255 255 255 255 255 255 255 255 255 255 255 255 255 255 255 255 255 255 255 255 255 255 255 255
255 255 255 255 255 255 255 255 255 255 255 255 255 255 255 255 255 255 255 255 255 255 255 255 255 255 255 255 255 255 255 255 255 255 255 255 255 255 255 255 255 255 255 255 255 255 255 255 255 255 255 255 255 255 255 255 255 255 255 255 255 255 255 255 255 255 255 255 255 255 255 255 255 255 255 255 255 255 255 255 255 255 255 255 255 255 255 255 255 255 255 255 255 255 255 255
255 255 255 255 255 255 255 255 255 255 255 255 255 255 255 255 255 255 255 255 255 255 255 255 255 255 255 255 255 255 255 255 255 255 255 255 255 255 255 255 255 255 255 255 255 255 255 255 255 255 255 255 255 255 255 255 255 255 255 255 255 255 255 255 255 255 255 255 255 255 255 255 255 255 255 255 255 255 255 255 255 255 255 255 255 255 255 255 255 255 255 255 255 255 255 255
255 255 255 255 255 255 255 255 255 255 255 255 255 255 255 255 255 255 255 255 255 255 255 255 255 255 255 255 255 255 255 255 255 255 255 255 255 255 255 255 255 255 255 255 255 255 255 255 255 255 255 255 255 255 255 255 255 255 255 255 255 255 255 255 255 255 255 255 255 255 255 255 255 255 255 255 255 255 255 255 255 255 255 255 255 255 255 255 255 255 255 255 255 255 255 255
255 255 255 255 255 255 255 255 255 255 255 255 255 255 255 255 255 255 255 255 255 255 255 255 255 255 255 255 255 255 255 255 255 255 255 255 255 255 255 255 255 255 255 255 255 255 255 255 255 255 255 255 255 255 255 255 255 255 255 255 255 255 255 255 255 255 255 255 255 255 255 255 255 255 255 255 255 255 255 255 255 255 255 255 255 255 255 255 255 255 255 255 255 255 255 255
255 255 255 255 255 255 255 255 255 255 255 255 255 255 255 255 255 255 255 255 255 255 255 255 255 255 255 255 255 255 255 255 255 255 255 255 255 255 255 255 255 255 255 255 255 255 255 255 255 255 255 255 255 255 255 255 255 255 255 255 255 255 255 255 255 255 255 255 255 255 255 255 255 255 255 255 255 255 255 255 255 255 255 255 255 255 255 255 255 255 255 255 255 255 255 255
20 00 255 255 255 255 255 255 255 255 255 255 255 255 255 255 255 255 255 255 255 255 255 255 255 255 255 255 255 255 255 255 255 255 255 255 255 255 255 255 255 255 255 255 255 255 255 255 255 255 255 255 255 255 255 255 255 255 255 255 255 255 255 255 255 255 255 255 255 255 255 255 255 255 255 255 255 255 255 255 255 255 255 255 255 255 255 255 255 255 255 255 255 255 255 255
06 14 00 02 06 08 00 50 00 255 255 255 255 255 255 255 255 255 255 255 255 255 255 255 255 255 255 255 255 255 255 255 255 255 255 255 255 255 255 255 255 255 255 255 255 255 255 255 255 255 255 07 255 255 255 255 255 255 255 255 255 255 255 255 255 255 255 255 255 255 255 255 255 255 255 255 255 255 255 255 255 255 255 255 255 255 255 255 255 255 255 255 255 255 255 255
