packages/cartolidar/cartolidar-0.0a14-py3-none-any.whl/cartolidar/data/asc/PuenteDuero/348_4602_2017_fcc3m.asc
ncols 200 
nrows 200 
xllcenter 348005.000 
yllcenter 4600005.000 
cellsize 10.000 
nodata_value 255 
[rows 0 to 54 of 200, columns 0 to 95 of 200]
37 74 28 19 23 57 16 39 50 32 17 52 53 59 70 44 12 15 20 29 12 25 48 23 47 00 00 10 17 15 08 17 00 44 33 01 22 13 13 00 01 01 05 00 00 20 16 13 09 08 30 28 06 28 08 25 18 14 11 16 02 29 20 14 00 00 18 46 00 40 34 38 38 00 00 28 46 41 09 27 39 01 19 01 14 23 36 19 58 02 39 57 17 43 43 18
90 24 26 13 24 77 35 63 77 58 34 33 82 80 60 20 04 28 17 35 09 07 46 09 11 16 00 13 26 11 67 03 22 27 02 21 00 07 25 36 12 01 20 64 28 66 30 29 21 12 32 58 20 00 05 21 03 10 18 24 05 28 12 40 32 00 00 00 32 60 89 27 30 01 00 13 78 81 00 46 34 29 10 40 16 36 07 24 22 15 14 20 05 26 67 32
35 20 06 03 89 70 30 01 58 64 73 04 50 85 29 02 35 36 23 13 12 15 00 00 00 40 07 00 26 31 10 29 04 03 14 00 23 05 06 60 34 54 42 51 44 57 10 25 30 23 22 18 25 13 29 28 11 18 27 23 32 22 52 50 08 00 48 29 22 66 01 18 50 59 07 03 27 70 14 20 45 30 21 05 25 89 19 15 15 32 02 00 25 09 11 39
21 63 21 55 34 32 24 06 28 76 33 13 38 00 29 52 53 40 16 68 18 00 07 35 21 02 10 32 28 37 19 10 10 36 19 14 26 20 47 18 29 53 29 85 17 29 13 02 25 04 60 05 40 13 08 46 52 29 09 26 40 15 47 13 80 19 23 55 63 11 53 00 00 22 59 10 05 55 34 24 41 12 58 27 15 54 14 12 54 35 58 33 11 02 14 83
01 60 51 64 32 00 22 63 88 12 90 61 01 33 85 54 07 08 02 14 78 21 38 22 42 35 11 17 16 20 47 25 25 32 13 57 15 22 31 10 26 15 81 20 40 30 17 20 33 00 00 28 11 38 15 13 38 21 38 06 25 25 18 22 41 06 05 83 03 09 40 09 07 41 61 38 60 37 34 14 14 12 36 12 09 31 04 75 92 20 06 54 12 73 30 46
05 75 27 52 57 11 83 16 34 30 48 06 13 48 70 80 57 67 05 31 48 05 20 38 21 64 14 41 59 83 49 29 12 45 14 31 82 32 34 76 18 23 22 19 10 30 11 66 24 57 15 01 16 14 35 25 00 24 31 36 41 23 13 51 13 18 67 81 15 86 00 24 37 37 05 12 07 54 16 33 16 27 81 74 15 00 22 10 57 23 03 41 46 08 25 18
17 44 58 10 48 18 15 00 40 07 56 58 59 46 78 14 34 44 25 28 44 22 11 22 22 06 31 77 39 11 01 57 11 54 30 43 62 32 68 35 00 30 45 28 54 45 43 27 00 73 75 32 00 36 30 27 60 14 03 26 50 42 29 24 16 00 31 65 25 23 00 58 19 25 17 16 32 42 52 33 53 12 14 82 08 14 04 20 16 74 15 16 04 00 19 19
46 36 37 05 14 36 57 02 48 43 45 10 17 31 52 42 31 05 26 04 58 28 00 25 87 08 03 00 03 08 63 20 13 89 48 70 42 63 48 18 00 18 12 32 30 67 09 11 50 26 18 21 41 34 43 14 30 53 21 29 14 62 18 25 48 00 00 38 65 72 52 34 92 38 39 50 93 00 32 27 32 02 16 61 87 15 38 32 02 34 04 25 21 25 12 10
05 17 23 00 33 29 22 00 08 38 29 35 27 12 41 45 07 24 24 20 22 45 13 08 10 38 09 38 32 23 20 00 17 20 60 25 09 31 18 66 49 73 36 13 15 71 56 45 51 16 36 44 19 50 32 21 13 25 39 36 10 73 25 42 31 00 20 21 00 00 27 27 33 03 02 52 32 14 32 22 07 47 29 10 18 19 92 17 21 09 18 26 59 18 20 60
63 03 02 29 00 28 55 75 66 28 60 17 73 25 16 22 65 45 76 18 26 00 10 10 00 63 11 04 30 62 04 19 38 46 03 28 14 27 79 58 17 52 20 85 20 22 25 47 12 39 45 31 39 59 17 03 17 04 27 31 04 22 35 23 16 02 02 28 28 54 32 55 63 11 74 23 28 37 18 03 03 68 29 42 21 22 24 38 60 12 13 10 12 20 30 24
42 50 12 54 28 35 27 04 33 18 44 46 49 56 09 07 93 20 00 03 22 00 00 00 00 09 30 10 12 26 00 18 16 34 59 47 37 61 63 03 44 29 20 74 31 45 49 13 40 18 16 20 34 02 22 33 26 13 82 18 44 02 40 14 45 09 21 97 00 50 66 57 28 02 39 13 53 57 60 20 00 62 60 68 21 22 27 05 39 31 40 21 06 33 79 37
39 06 22 11 35 82 00 30 32 05 40 27 60 28 92 02 23 71 35 01 36 31 06 27 24 52 23 27 45 35 09 68 18 24 40 77 24 57 40 17 50 85 23 46 77 22 20 00 44 45 57 00 17 35 49 29 13 01 48 50 16 82 09 41 42 29 00 01 75 35 33 12 22 73 05 23 51 31 23 00 00 22 15 47 44 09 22 22 38 05 63 54 49 05 48 58
74 02 16 12 28 00 24 10 06 18 55 39 45 09 07 40 03 51 03 07 23 18 67 57 06 68 42 41 02 09 04 28 16 65 41 35 03 44 64 43 26 13 00 00 09 39 47 50 21 32 13 30 26 38 29 47 01 51 22 07 19 28 00 31 19 31 01 04 27 15 52 90 11 63 38 23 48 51 88 08 00 27 53 55 72 35 24 21 37 22 51 50 92 04 62 62
28 38 15 59 00 10 21 00 17 26 10 26 33 18 84 03 01 27 38 49 05 88 30 82 32 41 44 47 39 43 52 24 47 65 23 45 13 27 46 78 78 00 00 10 50 75 04 33 26 14 47 11 51 28 09 00 25 58 19 00 00 34 29 77 29 17 56 42 91 61 52 42 00 13 25 52 75 38 71 45 40 15 02 89 04 68 05 71 43 04 76 69 66 47 20 82
02 09 22 37 34 00 35 12 09 05 13 50 42 04 53 42 61 11 14 79 00 69 28 64 40 08 00 08 24 60 49 08 87 34 28 50 80 46 59 36 06 47 28 43 54 24 51 61 11 56 07 47 03 40 19 35 56 32 28 06 08 22 27 45 27 50 00 38 42 31 53 11 33 06 01 10 09 31 66 37 69 29 03 58 46 33 40 33 56 65 06 01 04 60 07 01
63 20 53 06 13 09 05 08 18 58 08 52 17 26 03 16 71 32 33 78 30 01 18 37 12 15 84 66 00 22 09 25 15 69 32 30 27 62 61 45 17 44 68 26 53 59 31 03 71 38 08 27 04 29 34 37 29 22 20 26 41 68 05 23 62 35 18 04 04 02 90 09 64 44 21 18 32 02 52 39 43 50 50 72 34 38 26 52 09 81 01 04 32 25 90 25
12 00 14 45 00 00 17 39 18 96 36 82 53 05 03 43 71 19 14 43 55 06 23 46 04 34 30 44 10 00 46 16 00 50 18 01 25 80 29 41 76 77 71 73 11 74 41 00 04 08 34 07 30 40 25 11 17 36 21 37 21 03 55 63 22 10 47 00 36 06 68 03 03 24 35 89 29 14 51 55 06 40 47 16 27 18 63 56 18 11 75 34 44 85 28 08
54 36 17 73 05 04 00 59 65 71 31 64 00 43 80 98 19 09 03 27 59 00 04 27 02 52 32 67 09 00 18 24 19 97 28 67 67 67 30 90 44 00 48 40 18 03 18 33 04 37 57 35 10 37 26 24 25 35 52 40 57 25 27 20 23 33 48 57 65 32 39 00 56 72 31 41 51 13 24 78 29 38 86 48 90 30 52 21 56 39 41 31 69 69 25 00
74 08 09 17 07 26 16 25 54 20 00 07 02 61 16 03 00 00 09 07 17 02 27 82 00 27 83 05 12 00 65 36 15 31 62 14 42 71 73 50 06 10 23 20 47 00 69 66 70 25 01 16 09 08 17 45 09 31 40 00 43 63 02 65 04 22 74 13 71 60 18 53 27 32 31 75 17 01 00 00 81 41 60 45 53 30 50 79 37 46 25 27 25 26 17 59
12 04 01 07 06 46 54 56 06 20 34 15 05 20 23 12 00 00 22 10 09 00 00 12 15 48 78 27 95 10 33 26 17 19 86 26 14 73 07 00 01 34 29 19 40 56 05 02 24 16 48 40 31 32 32 22 28 00 17 00 06 00 09 31 29 04 83 38 87 58 88 04 36 52 18 28 65 07 00 05 56 85 73 00 21 58 51 69 26 16 46 60 30 10 43 44
04 42 16 08 25 27 00 13 00 36 00 71 30 64 27 09 19 18 01 01 06 20 11 02 25 51 83 00 30 03 23 38 45 27 19 01 36 75 71 54 01 22 46 97 53 28 18 45 17 77 52 08 91 31 24 16 51 22 32 47 00 00 00 28 29 22 31 03 15 00 29 31 72 50 18 32 00 00 27 45 46 56 05 45 36 28 21 09 20 21 56 13 30 03 28 15
46 56 71 44 30 06 00 37 27 00 89 28 08 65 38 01 38 70 12 85 31 43 18 09 15 21 35 00 32 21 11 28 12 47 49 00 56 51 09 64 70 60 04 06 00 34 02 13 09 70 45 30 07 30 43 08 34 28 44 22 00 05 70 32 50 04 17 48 04 17 37 61 25 70 88 87 30 45 25 47 65 32 35 67 37 05 86 35 04 00 62 06 00 00 07 02
14 93 02 11 54 17 31 93 17 12 48 25 77 04 29 27 07 64 04 14 16 00 00 26 86 61 66 00 04 63 07 32 55 11 01 45 48 31 03 11 20 25 25 08 28 00 21 07 07 23 27 03 06 00 19 30 23 24 40 30 44 18 14 07 21 20 20 54 04 14 23 46 37 19 24 23 08 02 07 04 17 28 04 53 19 32 04 35 76 48 59 15 63 31 30 54
17 03 09 22 37 13 18 23 00 09 06 09 14 03 29 06 07 31 02 14 25 00 07 42 45 57 20 25 07 50 01 72 38 67 75 22 26 84 37 27 25 63 36 51 69 04 26 04 01 07 05 30 21 14 24 19 00 29 13 22 08 14 31 25 52 37 13 53 11 00 19 91 07 24 05 22 37 43 08 80 08 100 18 31 01 42 50 11 45 00 00 00 11 00 32 52
05 53 21 43 70 00 11 67 47 78 30 09 16 30 14 28 08 00 22 15 13 06 08 69 00 08 28 22 02 44 35 23 23 26 16 38 11 18 33 19 64 52 44 17 13 09 57 15 17 29 47 06 34 28 31 66 00 00 26 00 39 12 25 00 10 12 06 09 03 31 16 14 00 20 71 26 77 20 10 59 00 11 14 80 26 50 17 38 00 18 20 36 32 00 28 69
19 31 17 11 00 45 10 38 00 04 63 92 02 86 07 00 07 01 29 11 21 36 46 08 29 26 33 52 37 74 49 76 17 16 28 10 24 47 21 06 49 04 19 07 18 27 03 10 28 22 09 45 21 17 21 35 30 00 09 16 28 07 03 43 01 09 46 20 11 41 72 25 56 08 41 45 25 08 01 52 19 67 00 56 04 51 23 12 25 34 16 60 01 33 35 18
32 27 76 00 32 10 39 41 00 24 59 30 25 03 18 10 27 50 69 62 51 36 44 34 12 87 53 11 64 16 67 31 34 21 43 48 25 36 23 29 93 22 20 26 45 27 08 58 89 29 16 25 39 05 00 05 45 07 06 15 16 18 38 01 41 23 64 26 23 42 60 91 17 03 69 24 00 07 17 00 00 13 15 23 12 91 40 17 55 48 66 59 20 03 63 19
38 22 04 30 05 38 10 23 23 00 18 55 97 25 91 13 00 21 65 56 10 38 43 20 63 10 92 59 77 85 34 01 57 31 85 47 64 21 57 05 13 39 08 00 00 65 31 24 00 35 41 38 02 37 43 39 26 04 00 00 28 28 02 19 09 19 15 24 25 10 30 54 44 49 32 34 05 78 20 04 00 25 31 52 00 63 03 37 14 00 00 08 08 08 74 60
43 21 00 30 13 22 20 39 29 03 77 26 00 00 20 01 79 22 01 06 02 29 41 10 50 61 01 22 08 28 20 13 37 16 50 32 22 19 00 12 06 00 76 42 54 16 60 02 20 29 59 00 12 49 41 21 40 04 18 10 68 02 00 06 28 11 59 20 19 00 00 20 17 32 31 61 05 06 31 59 00 00 00 00 00 45 58 24 78 00 00 06 50 42 38 00
07 23 07 26 22 62 42 18 15 04 01 05 06 00 00 55 30 28 65 50 08 54 21 16 48 52 00 44 58 87 41 00 19 20 05 11 20 02 08 20 25 39 90 26 20 41 50 15 29 29 53 08 19 38 19 21 41 62 17 00 00 00 00 39 19 48 10 26 34 43 12 73 46 05 09 71 56 36 28 05 04 71 05 28 16 05 61 00 07 00 02 13 61 12 42 24
13 79 29 34 02 04 11 35 01 34 66 32 56 10 48 29 46 56 44 00 28 33 18 21 22 70 36 46 07 42 37 00 32 15 47 29 45 44 26 18 59 06 78 45 03 05 29 34 02 16 56 27 33 11 10 56 26 47 12 04 51 00 02 21 00 06 00 00 00 00 04 26 76 59 79 73 02 80 19 05 13 31 25 24 37 15 47 01 15 30 82 35 52 32 66 80
12 10 00 03 41 19 33 16 45 00 09 19 33 51 53 72 60 66 04 51 60 35 39 01 20 23 58 22 55 66 36 02 06 85 59 14 33 37 95 06 40 07 08 91 30 05 15 47 09 29 00 64 31 53 37 16 11 09 32 89 35 37 49 01 01 38 15 56 33 06 11 17 67 10 16 21 00 17 60 16 45 55 01 21 22 10 69 55 36 26 01 22 68 06 80 13
09 41 31 27 33 22 01 66 84 03 04 16 29 27 12 07 82 49 16 06 20 01 02 06 00 26 45 43 02 56 29 85 22 36 82 65 21 08 54 01 27 09 12 94 70 71 08 84 38 47 03 18 08 32 18 49 65 17 27 12 24 33 37 73 44 00 32 03 03 17 17 05 11 00 00 00 02 08 20 39 25 00 00 14 19 21 00 16 03 00 30 02 46 46 00 03
00 52 08 26 92 05 27 21 69 48 39 58 38 36 42 00 13 08 84 38 24 13 07 60 12 54 67 44 60 27 48 61 49 08 28 21 23 28 24 17 56 94 59 46 27 51 39 57 57 16 27 45 20 44 29 24 03 50 47 25 36 52 43 12 43 10 00 05 20 19 15 11 97 25 00 00 26 48 52 62 07 01 64 13 23 46 20 63 00 00 07 00 76 14 21 46
10 58 27 19 44 22 44 64 07 75 18 62 14 41 15 08 60 72 42 50 20 13 63 58 28 39 50 43 13 09 30 11 22 54 33 69 24 42 36 30 71 20 91 17 27 98 61 12 20 08 12 35 10 11 24 44 11 20 43 07 39 16 26 13 38 40 26 23 09 25 00 00 01 00 01 04 42 13 00 55 26 42 50 10 00 23 02 75 02 28 13 78 06 26 05 32
01 12 22 13 02 00 79 04 82 40 47 34 21 20 49 43 07 39 14 00 22 45 01 39 45 11 04 08 37 54 25 59 13 23 17 00 25 61 25 56 47 30 75 69 29 09 07 00 01 69 00 13 22 18 01 40 30 37 05 51 30 21 30 32 19 22 27 11 15 26 02 41 19 00 46 67 00 61 18 66 71 48 13 43 00 26 46 89 00 00 00 11 00 94 05 64
17 23 28 18 36 00 19 25 52 31 80 11 24 35 06 66 31 30 80 34 36 62 01 12 51 15 40 51 21 39 55 12 68 27 61 22 24 41 07 57 36 00 17 03 00 68 00 32 23 04 31 14 15 06 40 35 19 20 48 24 43 41 54 04 64 12 51 70 06 26 22 73 35 00 16 23 00 69 13 00 22 42 12 61 40 58 00 16 15 47 28 46 00 00 00 15
20 70 32 51 41 48 23 45 63 48 23 37 80 37 64 40 20 43 21 36 68 48 28 42 14 33 35 80 05 80 28 16 17 16 03 64 19 25 24 35 19 12 65 39 08 14 20 07 15 08 13 12 35 21 42 54 03 56 07 41 49 27 79 37 26 41 17 10 38 13 01 46 20 12 00 00 62 29 00 00 07 30 41 32 02 46 62 76 92 61 16 22 00 00 00 03
00 29 02 80 68 03 18 12 41 07 48 54 54 24 16 16 25 15 21 26 44 50 11 44 53 03 02 11 40 10 18 00 02 32 11 68 21 74 06 75 47 26 34 27 16 25 00 30 03 02 05 21 13 02 01 36 16 19 15 17 03 20 43 68 03 40 25 31 21 18 19 53 39 62 74 10 33 11 01 43 13 49 26 35 31 04 06 00 00 00 00 00 00 28 87 50
40 17 13 25 04 11 81 44 34 19 41 39 27 27 05 17 23 52 32 27 00 00 13 67 37 36 00 05 60 17 54 11 14 94 45 14 35 32 10 08 05 07 35 02 37 20 05 11 40 07 08 49 28 15 16 25 28 28 23 21 77 50 15 00 00 52 38 09 00 25 33 18 19 20 85 07 00 00 00 89 20 00 00 00 00 00 10 00 07 28 00 31 05 00 03 14
43 15 73 57 50 02 56 44 18 13 48 55 68 00 15 00 00 07 04 48 31 18 00 00 32 19 39 29 13 15 50 17 50 18 02 10 07 60 17 47 40 65 64 49 10 28 70 39 13 00 00 00 01 18 28 38 32 50 26 11 13 05 11 37 23 71 89 32 06 20 31 00 64 20 42 15 00 00 00 00 04 24 01 06 26 00 79 10 06 46 12 53 00 29 58 46
25 00 17 38 51 26 31 21 16 70 15 15 02 00 06 38 14 48 26 22 04 01 06 12 41 34 27 41 23 44 22 10 26 22 55 63 00 41 38 33 61 24 11 25 07 66 35 08 00 44 22 00 20 11 50 48 79 41 21 12 56 23 02 13 53 78 86 63 00 21 01 57 32 00 00 00 14 00 00 27 18 71 41 54 75 00 00 04 19 41 00 00 00 00 00 00
38 54 04 48 62 85 21 50 25 56 41 38 30 69 51 75 08 71 23 64 41 15 14 38 29 28 54 20 50 21 63 11 72 21 53 27 16 67 11 43 24 51 14 19 32 20 02 26 28 32 33 20 02 24 45 65 91 63 13 07 12 02 00 00 00 22 02 03 00 00 00 10 02 03 48 01 76 02 02 62 13 00 12 31 20 48 00 00 09 37 46 04 00 12 40 03
20 02 04 19 37 34 56 68 34 47 39 56 27 25 43 28 02 04 11 19 28 44 22 56 23 01 51 47 34 29 60 70 28 30 18 06 07 52 50 48 22 06 00 05 60 63 00 47 31 11 00 00 00 10 09 11 00 06 03 01 11 26 00 00 00 06 23 16 01 03 30 31 35 59 13 02 68 00 00 05 00 00 04 48 19 11 00 04 48 20 31 03 12 00 21 26
58 24 41 10 59 05 02 58 04 29 13 03 02 82 16 15 30 43 27 28 85 21 26 03 48 04 28 63 12 13 00 00 29 00 15 20 00 31 00 00 00 00 00 00 00 00 00 00 00 07 30 13 14 28 18 27 16 15 12 55 36 49 01 28 00 36 47 26 41 39 10 29 27 54 08 52 01 23 10 74 06 10 02 03 52 06 06 17 38 82 01 23 00 00 16 19
66 67 53 58 14 68 16 43 64 83 04 60 00 00 00 29 20 17 33 01 01 00 00 00 00 00 00 00 00 00 00 00 00 00 00 00 00 25 13 00 13 12 14 28 01 12 00 67 06 10 43 18 15 21 11 05 29 24 06 13 41 13 02 09 41 11 13 17 17 01 20 14 79 75 62 08 00 63 12 00 00 40 16 38 07 45 49 56 59 46 21 66 00 00 30 55
79 00 00 50 43 00 37 00 07 04 00 23 00 00 00 00 03 03 15 01 12 00 00 00 08 35 20 11 19 15 03 62 17 17 26 19 42 25 12 57 35 13 06 00 05 15 05 33 51 24 18 33 12 21 00 01 03 00 09 70 33 47 22 05 15 01 60 12 36 35 11 03 19 00 06 11 07 24 45 20 07 52 29 30 15 02 06 03 25 45 00 21 39 54 20 21
01 00 00 00 00 15 05 09 00 07 00 62 00 09 00 09 23 26 12 69 13 00 71 27 32 33 85 25 40 68 36 48 45 00 39 08 27 46 14 07 06 20 11 36 31 18 38 13 17 14 03 14 34 13 02 33 06 12 76 00 00 25 17 17 46 00 28 16 38 51 28 68 42 09 20 07 26 16 05 10 30 09 11 16 16 38 46 08 20 08 37 40 57 67 26 21
04 48 30 23 52 78 32 58 12 50 26 29 18 17 57 70 00 70 11 40 26 04 14 46 30 58 00 00 01 72 40 04 25 32 22 05 23 53 50 21 21 01 06 00 16 00 00 00 00 00 31 34 19 49 04 22 20 38 12 23 01 16 12 00 08 06 22 30 65 24 87 70 28 18 27 43 15 48 00 37 44 08 47 46 27 26 16 16 25 78 49 62 00 41 01 64
34 50 65 09 39 32 23 49 14 23 10 37 33 07 50 48 27 71 11 11 12 28 00 47 08 09 17 10 00 04 13 09 15 33 78 02 03 00 25 27 14 24 43 37 35 04 08 36 39 16 50 31 15 28 00 41 04 25 87 68 11 88 23 16 23 02 66 28 41 41 22 08 01 20 37 71 32 23 02 71 10 35 00 10 57 14 19 48 28 20 00 83 13 26 88 63
04 25 31 09 30 15 39 65 53 17 46 25 58 33 22 15 00 22 15 08 15 00 00 60 03 25 69 35 16 00 03 34 23 34 14 00 01 19 38 00 24 35 12 12 54 46 32 29 53 48 04 48 32 08 45 52 03 40 30 00 06 00 28 01 00 00 18 09 67 12 36 71 40 21 44 00 00 01 54 17 01 62 00 64 57 10 08 31 16 19 11 30 42 02 58 01
50 39 35 47 25 40 41 04 16 19 38 32 41 03 57 40 07 32 29 44 45 03 31 69 42 00 21 100 92 45 15 62 01 54 08 30 35 15 02 30 32 13 02 09 15 54 22 25 37 39 03 58 02 18 12 52 46 55 43 04 00 03 15 47 18 21 40 80 21 38 00 32 17 04 20 52 11 33 45 40 01 10 43 52 26 04 02 64 06 10 26 58 62 03 00 44
33 82 12 60 48 30 22 77 58 25 38 34 45 46 41 20 06 05 39 50 53 12 39 24 28 13 71 00 00 63 16 16 18 43 32 40 00 00 59 21 05 75 03 03 52 23 10 20 12 28 00 03 00 19 08 35 05 16 04 00 32 14 00 08 14 28 50 00 00 41 02 84 06 08 39 20 00 44 25 18 14 29 45 00 00 36 46 20 48 02 03 56 42 43 38 04
51 04 38 10 13 19 00 51 54 22 48 49 02 52 48 20 44 20 39 16 40 16 47 65 11 07 17 17 32 14 03 41 33 28 25 65 01 21 41 01 35 01 30 15 04 20 41 12 37 27 00 36 57 09 32 43 18 20 48 19 03 19 03 02 03 13 05 08 32 11 26 49 31 26 48 17 00 25 64 27 38 06 00 07 04 14 68 10 33 58 00 00 26 37 61 21
34 34 41 30 43 29 38 23 37 29 34 31 12 53 33 55 33 38 53 04 72 57 26 18 66 30 62 25 36 41 29 73 28 55 01 59 09 04 51 13 54 10 09 44 03 37 40 00 15 58 44 22 10 35 39 00 37 50 42 58 77 00 29 32 11 51 00 18 66 12 23 65 42 27 09 58 57 00 06 29 91 16 00 81 58 33 04 07 45 58 00 56 66 06 38 29
