packages/cartolidar/cartolidar-0.0a14-py3-none-any.whl/cartolidar/data/asc/PuenteDuero/348_4602_2017_fcc5m.asc
ncols 200 
nrows 200 
xllcenter 348005.000 
yllcenter 4600005.000 
cellsize 10.000 
nodata_value 255 
[rows 0 to 54 of 200, columns 96 to 191 of 200]
00 23 26 47 46 25 52 87 00 05 23 01 00 00 00 03 01 05 05 01 13 00 00 00 03 07 16 12 18 18 17 15 49 05 42 47 24 14 40 01 64 02 18 23 00 60 33 43 01 16 41 43 58 65 20 18 38 13 28 43 01 61 16 12 28 03 08 17 08 30 20 13 00 05 35 05 58 43 77 83 05 61 67 10 09 54 03 19 60 50 47 22 40 23 34 13
65 61 50 51 13 08 16 24 45 01 45 66 04 18 16 00 36 27 24 57 76 00 00 00 64 08 45 26 00 68 33 33 26 30 30 36 09 32 52 20 66 00 28 49 36 33 23 87 01 17 55 60 52 63 13 15 01 34 39 16 31 28 30 07 01 37 77 59 17 40 23 01 19 50 88 39 54 59 64 17 54 08 23 39 19 68 08 67 15 02 10 71 14 53 36 26
02 04 13 00 97 55 21 69 34 22 11 58 00 06 13 00 29 27 08 00 01 32 87 00 00 12 60 42 65 07 18 39 36 45 17 38 29 72 25 13 41 00 10 37 39 32 46 06 13 40 48 31 76 31 00 03 54 11 57 28 51 25 01 02 03 80 03 15 39 31 00 00 05 24 21 48 24 81 52 08 65 19 44 39 45 41 13 31 43 63 30 30 22 27 49 32
50 80 29 02 74 20 57 59 16 25 00 00 48 04 37 14 24 47 07 30 55 32 50 00 00 00 34 37 33 61 48 56 13 64 00 61 12 04 00 19 71 00 00 00 00 46 21 07 11 36 49 09 37 66 03 55 40 14 26 37 22 74 14 68 31 15 51 13 11 43 20 30 72 80 27 37 75 29 54 00 71 24 59 11 61 36 45 63 16 12 24 52 42 60 20 29
48 26 13 47 02 00 39 50 13 56 27 17 48 32 42 72 07 55 18 76 60 00 44 10 00 04 17 56 30 07 37 78 25 20 11 33 78 14 22 46 19 00 00 00 00 00 20 55 84 18 16 00 05 50 34 20 50 47 24 45 17 38 27 57 09 40 00 42 64 46 25 59 22 33 38 22 29 69 80 14 74 52 40 35 40 10 53 16 54 15 20 15 36 40 47 08
50 28 10 00 15 08 73 16 00 27 00 09 44 61 35 48 06 35 24 01 20 80 36 67 30 61 62 44 10 13 28 25 13 32 08 00 66 05 18 88 08 00 16 60 09 00 00 00 02 60 26 60 69 54 44 20 62 34 10 28 44 48 39 10 21 26 07 12 02 12 25 40 17 18 23 54 22 50 30 77 06 23 36 40 44 30 37 53 26 48 30 66 20 15 35 00
22 88 59 00 00 26 28 43 45 23 30 15 00 09 55 68 31 68 46 12 03 33 40 75 30 28 85 10 25 63 27 02 34 19 76 36 42 01 42 05 20 38 05 08 03 94 07 52 36 94 15 39 36 10 04 24 67 68 57 18 49 46 58 29 56 56 34 21 73 35 49 64 50 34 22 25 35 23 76 00 25 70 17 01 36 21 08 55 37 15 50 20 37 63 27 09
12 08 00 34 44 56 43 70 20 60 23 06 15 47 06 05 01 00 14 32 03 35 00 22 05 23 10 54 04 89 45 34 21 16 59 14 91 01 27 00 16 70 19 00 00 21 19 36 64 23 23 42 28 56 34 37 03 20 36 15 06 24 52 01 22 28 39 25 20 10 11 19 00 53 00 57 45 25 01 28 39 20 24 35 31 47 45 40 27 09 14 33 10 54 37 56
28 09 08 64 06 29 44 69 10 18 02 43 63 50 08 44 29 68 32 50 00 16 25 33 31 29 21 29 21 36 02 10 27 21 10 04 74 59 18 13 43 16 70 00 63 11 01 50 07 11 19 35 35 48 54 13 44 23 93 43 20 33 39 37 15 26 52 35 38 34 18 85 34 19 06 27 66 64 43 42 08 46 62 15 36 38 42 12 52 26 31 45 47 39 39 62
37 33 55 22 36 07 47 30 40 86 52 45 21 17 49 45 00 00 12 35 00 34 28 00 52 03 00 21 17 19 38 19 38 48 50 32 00 31 60 00 00 69 20 00 20 20 31 56 60 13 15 00 71 31 36 35 06 00 00 00 83 33 26 82 63 00 11 11 34 28 35 25 35 33 26 37 19 25 13 30 52 32 25 63 26 03 52 54 34 70 51 14 25 36 36 12
09 59 12 20 33 48 12 72 32 42 68 18 26 03 20 57 58 24 79 03 25 44 14 47 11 48 36 00 08 44 59 00 19 04 03 83 08 63 33 02 00 22 21 14 31 29 25 13 23 15 37 40 44 16 20 03 52 00 02 13 28 00 00 16 32 00 85 24 26 11 51 16 50 42 24 57 61 55 42 23 57 34 37 40 20 22 31 00 00 00 58 05 00 23 38 19
31 25 88 17 12 35 05 23 45 53 08 34 23 26 94 12 01 09 13 68 21 36 39 00 06 58 09 30 12 22 15 26 30 26 01 50 44 62 31 80 08 17 61 00 31 11 74 11 31 02 00 01 00 42 84 05 06 41 09 35 22 12 61 08 55 37 37 38 25 61 15 35 04 16 27 35 01 00 27 35 26 09 58 01 46 42 50 44 85 28 07 27 47 67 59 29
72 46 56 34 15 80 19 74 83 51 01 50 19 26 08 18 00 01 48 20 42 10 15 48 36 00 00 27 60 19 09 48 56 00 46 26 02 28 00 09 29 11 48 43 44 25 66 00 54 80 10 29 24 28 06 28 42 15 05 25 12 02 27 30 01 49 20 06 30 01 01 13 56 35 40 65 51 57 09 63 54 28 68 56 36 21 53 33 57 50 76 62 14 66 24 38
69 49 46 45 53 37 44 36 67 39 36 11 62 85 55 45 17 80 32 38 32 11 26 47 25 18 41 14 04 22 12 00 31 14 62 04 27 64 07 66 46 14 18 18 64 43 35 11 09 25 31 28 12 39 56 47 38 00 48 40 47 43 06 53 77 31 08 35 51 22 35 64 23 50 63 24 15 48 75 35 44 18 58 23 26 03 16 60 24 35 51 37 20 34 33 01
00 00 63 43 16 71 79 30 10 46 33 26 41 00 30 50 28 32 20 00 14 44 00 03 51 09 41 31 00 56 59 00 18 35 22 00 54 45 20 39 07 17 19 67 00 05 11 21 36 08 27 02 01 36 17 78 23 00 26 11 25 24 06 00 08 30 41 26 04 04 30 65 41 75 05 79 00 38 17 40 04 07 34 50 36 37 45 09 55 50 26 03 70 12 73 54
09 09 67 73 27 30 77 57 01 00 12 28 62 03 29 32 63 21 64 17 14 09 00 77 17 11 07 00 08 00 03 22 38 20 24 08 62 00 12 31 59 15 20 16 56 54 31 11 49 11 28 30 90 06 39 25 40 05 41 39 34 17 48 00 55 46 24 15 50 46 58 19 04 50 55 55 44 01 00 34 09 70 32 67 62 12 35 00 29 49 55 61 29 37 59 09
91 90 40 74 86 23 66 69 35 14 41 53 07 12 86 06 25 58 19 06 42 01 00 00 00 16 61 10 100 13 37 00 01 23 20 12 50 00 00 10 23 19 46 13 09 17 88 56 01 53 59 20 04 27 15 17 41 63 00 21 26 08 22 08 55 29 21 20 14 21 38 16 88 23 39 36 39 01 18 67 34 38 13 19 74 36 35 46 21 47 26 33 14 42 84 06
04 05 52 74 32 83 49 17 02 29 01 37 47 21 02 73 25 18 01 05 73 48 09 00 09 50 28 00 03 30 53 07 67 54 49 40 00 35 51 37 24 66 28 28 77 53 01 61 66 23 53 22 00 29 25 38 17 28 40 08 09 50 17 42 45 40 59 19 36 11 54 16 16 50 53 72 29 17 09 18 38 05 15 55 25 27 27 32 19 16 61 23 28 20 05 76
53 50 53 50 09 52 58 02 00 32 47 37 52 03 00 03 34 22 91 00 34 54 25 59 12 76 39 36 22 46 00 31 37 01 49 44 60 46 78 16 43 06 00 05 15 33 00 08 82 12 77 09 08 27 18 18 33 53 08 60 11 13 25 00 00 50 45 31 25 01 75 02 50 14 41 00 10 35 69 52 55 69 46 49 34 35 19 26 59 14 32 21 53 76 31 42
30 56 33 00 68 15 30 01 07 66 15 44 35 88 01 28 86 05 29 17 24 16 24 42 18 49 17 45 73 06 35 31 13 22 66 08 40 39 20 21 48 46 38 25 40 44 06 35 09 87 06 56 20 18 46 22 15 41 11 70 22 28 40 34 46 09 47 01 36 03 64 25 15 49 27 64 45 28 02 29 52 08 39 32 00 45 42 56 55 23 28 60 13 64 16 61
18 75 00 00 00 00 68 25 79 70 12 31 34 40 62 46 17 15 00 58 28 12 30 25 14 76 18 01 50 50 01 00 72 25 14 73 08 74 64 16 11 35 58 05 00 00 43 10 33 30 70 40 10 07 42 29 11 53 53 26 19 12 40 57 45 09 34 29 06 02 19 41 25 11 52 18 31 28 11 44 46 10 19 39 20 38 27 28 16 48 56 33 51 48 69 43
10 26 01 00 28 00 01 14 26 46 57 47 18 20 19 31 33 10 00 28 23 24 03 36 01 20 15 10 00 12 27 26 30 04 04 59 15 52 02 33 37 38 30 52 39 10 73 27 38 40 25 09 11 14 20 71 15 03 14 26 27 00 27 39 26 59 24 09 32 00 42 24 32 00 20 24 26 50 38 22 30 18 07 09 63 37 32 00 48 15 33 65 18 27 45 03
06 57 03 17 82 27 57 19 20 04 12 00 00 72 25 04 11 08 51 30 09 39 35 12 28 35 31 72 15 62 47 47 48 24 00 00 53 68 16 44 11 16 00 45 32 49 13 31 08 47 16 53 61 11 32 15 14 51 46 12 06 19 58 50 25 33 18 25 64 01 49 19 34 55 31 42 61 29 50 22 12 78 28 35 61 48 39 40 45 34 69 34 58 79 35 57
44 19 47 65 01 00 45 06 04 15 00 13 17 42 39 33 22 59 76 31 54 56 32 27 22 65 60 15 34 52 35 05 12 30 92 59 28 91 66 25 00 49 14 41 18 37 75 58 67 10 40 30 47 29 59 18 46 52 15 49 20 13 52 25 22 32 31 14 15 52 26 03 66 23 53 61 08 52 40 10 20 34 64 32 25 55 25 31 26 55 25 51 56 60 39 30
63 16 00 37 01 00 21 54 72 25 00 37 72 01 00 21 18 33 46 15 70 30 37 00 00 20 39 30 15 12 32 27 12 42 14 06 03 00 25 11 58 33 50 50 51 21 11 05 47 01 64 72 12 00 25 22 58 32 39 69 19 25 33 43 41 10 40 55 10 52 07 41 53 42 17 11 44 43 03 31 14 33 27 37 18 21 31 28 44 60 33 64 43 43 55 38
59 53 43 10 30 16 45 04 22 51 04 18 01 22 20 54 53 14 44 35 00 20 68 45 22 34 00 25 28 21 38 47 01 25 12 65 57 02 67 35 22 24 06 20 26 18 04 63 63 44 25 10 00 00 03 03 00 87 42 29 32 49 17 10 36 00 47 07 53 20 02 46 43 48 09 60 13 40 30 20 39 10 64 06 50 53 51 26 63 21 12 20 44 23 35 50
34 66 54 02 95 14 42 63 33 63 52 38 77 50 13 25 01 81 25 26 11 47 44 60 11 66 06 71 36 66 28 85 35 02 63 64 02 27 32 43 50 46 11 66 50 44 31 52 00 11 06 00 00 00 00 00 00 00 02 19 03 20 38 46 48 78 28 38 43 42 10 78 39 33 18 54 40 55 01 22 00 17 62 63 24 20 00 21 09 40 38 41 61 45 68 10
44 100 27 39 74 37 42 08 26 20 29 34 62 71 26 68 35 41 06 90 34 53 82 03 74 14 49 60 01 47 72 15 41 07 25 96 27 61 61 08 62 00 00 36 21 07 01 00 24 04 00 36 08 80 72 35 49 57 00 00 05 11 00 04 03 00 00 02 84 31 53 23 09 27 32 44 03 21 64 45 04 55 35 23 35 81 49 26 11 59 39 14 11 36 23 61
08 28 42 28 49 29 31 16 14 31 45 16 11 03 60 35 19 28 13 43 04 25 52 07 70 22 92 18 20 02 17 09 52 17 31 13 72 17 18 00 00 00 00 17 46 37 27 00 50 09 45 53 02 17 14 70 49 26 39 28 88 77 15 17 17 00 00 00 19 03 11 42 60 44 35 40 11 31 31 54 26 07 40 02 50 18 19 34 14 45 18 61 42 43 70 37
29 14 20 39 50 03 66 20 33 62 47 10 00 03 14 61 45 20 74 55 45 45 83 10 53 28 15 26 59 00 66 44 26 00 00 00 00 00 00 00 00 01 70 01 23 27 32 44 00 39 05 00 23 71 34 77 01 80 33 42 48 28 24 53 68 30 61 00 00 14 05 00 00 00 00 00 00 39 44 50 91 00 49 43 38 67 58 58 39 18 47 29 19 25 30 58
58 46 04 09 18 00 43 49 63 25 53 24 22 49 46 22 21 50 25 22 54 01 37 37 24 00 00 00 26 00 12 19 29 03 00 05 17 19 01 23 27 51 33 00 71 45 61 16 00 43 35 11 90 05 02 66 05 71 59 25 28 73 22 13 28 50 80 45 40 86 98 46 00 00 00 60 40 12 00 00 01 00 11 37 69 21 59 53 75 27 45 62 27 25 56 50
87 83 61 30 59 43 28 12 00 00 50 09 09 53 43 11 19 08 13 28 58 05 00 00 00 00 00 00 00 00 10 15 73 16 07 11 38 65 00 54 26 00 00 00 00 00 50 47 29 50 75 60 44 15 21 00 55 03 07 97 03 68 55 06 00 24 76 50 31 28 40 76 36 74 30 28 11 98 41 40 00 20 01 00 19 00 01 00 05 42 30 73 31 69 53 25
21 05 09 57 49 40 89 00 00 08 82 12 13 61 58 18 95 09 00 00 00 00 00 00 00 00 00 49 14 32 32 02 05 51 01 02 13 11 45 21 25 00 37 25 61 55 26 26 13 00 52 21 00 00 07 26 44 83 48 00 17 21 91 27 76 57 12 20 08 02 01 34 36 42 27 17 10 71 10 19 23 93 39 55 98 10 38 35 00 00 00 00 00 00 03 00
47 35 18 16 29 49 30 08 16 96 42 06 53 45 00 00 00 00 16 27 00 49 01 59 39 31 29 62 20 39 23 67 05 52 00 00 05 62 16 11 14 02 09 03 03 36 18 40 69 00 11 06 85 10 90 03 57 18 37 11 61 41 07 28 06 05 40 38 95 07 00 50 39 22 68 32 52 45 17 49 40 21 03 18 18 81 88 50 33 21 17 68 00 22 04 02
31 07 50 49 59 08 44 72 00 07 00 00 00 00 06 23 17 30 26 37 00 43 04 20 25 40 07 00 00 00 01 07 78 15 04 10 13 09 35 27 00 71 17 14 74 44 00 00 05 06 33 11 19 00 01 00 36 35 75 15 58 41 49 28 14 68 75 56 26 60 02 43 42 36 44 02 31 39 24 25 06 64 34 58 69 15 09 67 35 36 08 66 00 55 40 15
25 00 01 44 19 00 00 01 00 00 00 00 00 00 70 60 01 05 57 08 28 01 79 47 61 00 52 20 65 21 48 29 02 51 09 22 25 21 05 01 00 00 76 05 06 00 31 30 06 12 61 56 35 34 56 00 00 88 06 13 25 47 18 72 58 50 21 16 73 47 63 18 06 01 23 31 59 11 38 38 54 11 65 27 52 10 08 44 61 51 52 45 45 29 44 01
04 00 00 00 00 00 00 00 44 25 00 00 27 58 36 15 08 18 74 01 85 00 00 04 00 26 53 03 03 04 23 40 33 64 26 26 40 48 27 00 05 24 73 42 92 26 18 28 74 66 25 05 00 12 31 00 21 58 02 27 64 67 30 15 34 37 63 13 28 18 43 32 53 20 00 45 15 53 32 24 03 43 52 33 57 34 18 48 60 36 42 50 01 09 22 04
01 00 10 38 00 00 63 01 09 10 00 00 00 01 00 00 69 26 13 03 85 12 05 52 33 00 00 05 23 30 61 35 03 27 27 19 52 35 05 05 88 12 28 33 29 22 25 61 27 00 55 88 73 00 07 03 41 26 20 54 23 09 03 41 26 23 45 42 40 27 15 00 32 27 28 53 02 19 36 33 35 27 02 37 56 38 12 33 00 00 00 12 10 01 12 43
09 00 61 17 63 00 35 05 47 00 07 00 00 33 42 12 00 25 41 23 58 66 32 29 16 04 87 00 87 36 20 95 04 63 03 00 26 52 31 36 45 98 42 33 17 69 27 16 06 14 01 07 45 12 48 60 22 59 52 15 51 81 37 44 24 10 14 39 45 51 32 36 52 36 03 55 81 27 29 47 14 20 17 46 53 38 44 35 00 00 00 17 28 00 66 27
55 26 07 46 07 05 15 00 07 40 68 05 92 10 09 00 00 47 00 03 08 00 06 72 00 00 09 00 50 04 34 12 00 00 47 01 00 31 32 22 23 04 00 00 00 26 18 36 77 02 20 53 16 11 08 19 34 74 80 19 56 04 10 11 00 28 05 03 33 57 47 30 41 36 75 22 27 01 55 37 29 18 67 32 42 55 12 28 09 43 42 26 00 14 08 02
00 34 25 00 26 00 00 00 00 12 00 00 37 41 48 00 00 13 00 07 71 01 00 08 31 42 53 21 13 00 50 60 18 00 09 15 20 25 26 22 39 83 28 42 25 00 67 15 58 00 12 31 22 10 38 41 04 00 01 00 00 04 27 36 14 70 26 30 39 62 22 05 46 55 02 00 07 18 72 17 32 00 10 35 50 52 00 05 06 00 34 11 07 23 12 04
00 00 00 00 00 00 00 01 41 46 82 01 10 60 67 00 00 70 50 53 14 02 15 05 30 21 23 11 68 01 20 00 28 23 04 50 47 09 45 18 30 00 16 18 87 05 07 00 00 10 14 01 43 31 52 47 04 52 25 00 00 31 11 18 32 22 47 26 32 13 00 16 58 24 75 63 10 52 27 32 50 42 40 45 30 42 10 25 12 00 00 32 09 13 06 85
32 00 03 02 00 00 00 00 01 11 00 03 00 00 13 00 00 23 07 49 07 35 67 43 29 15 05 01 00 05 52 37 72 23 28 09 41 12 67 06 18 47 08 00 00 00 25 00 00 75 84 76 08 16 28 42 42 63 54 33 31 25 43 49 33 16 16 15 39 22 16 27 45 08 26 44 32 46 12 14 45 06 35 48 13 18 54 00 10 00 16 00 04 11 12 17
05 08 57 00 00 29 05 03 84 13 00 51 26 00 00 07 36 00 00 25 25 01 67 12 25 70 31 53 18 02 63 12 30 53 46 28 30 10 09 07 76 70 12 02 18 51 30 00 00 12 17 38 30 34 40 34 07 38 45 54 12 06 21 01 13 21 07 00 00 08 01 04 12 47 17 05 49 25 41 38 25 52 36 18 05 42 38 05 00 12 00 17 31 04 17 31
15 00 12 16 02 80 26 51 15 70 00 00 58 11 05 78 00 00 44 31 20 20 20 04 21 55 62 06 26 28 24 09 19 69 80 50 29 64 76 51 00 58 21 15 91 71 51 00 00 00 39 52 30 00 27 52 24 17 28 44 31 00 00 29 19 44 37 14 32 10 53 14 12 43 23 71 28 50 20 04 47 45 34 21 12 30 32 16 10 15 43 53 42 01 13 28
90 23 93 43 58 27 32 22 00 00 18 60 07 07 57 00 83 00 31 12 23 16 20 10 46 21 07 17 15 00 01 89 34 38 15 07 07 06 04 00 00 04 00 09 00 00 00 00 00 00 00 41 06 33 52 05 55 09 05 43 40 00 20 00 00 26 06 17 30 16 21 09 04 47 19 44 56 11 26 00 53 16 02 62 45 00 18 03 53 43 41 52 23 57 08 40
00 00 38 24 67 11 45 69 11 00 05 93 00 00 88 25 00 00 80 10 56 11 00 33 04 54 34 23 39 30 51 46 32 76 07 00 74 44 36 04 00 56 50 07 00 02 15 31 11 00 00 55 19 48 02 54 07 00 53 48 22 14 00 00 13 20 23 62 07 13 00 01 36 40 58 38 76 40 41 06 41 40 37 12 36 35 30 72 39 11 24 57 33 68 04 21
00 00 21 36 12 40 06 25 07 00 41 27 10 29 14 00 18 51 00 41 03 24 50 68 17 14 35 49 00 27 46 50 58 15 05 09 05 19 01 45 00 35 56 12 00 08 74 67 44 21 19 10 56 66 09 58 13 00 02 00 05 08 17 05 40 23 25 69 00 30 08 17 27 16 00 00 00 05 01 03 32 20 59 44 39 10 43 42 29 41 40 18 00 27 00 51
57 30 00 67 48 14 00 12 31 01 46 13 48 53 41 00 08 10 47 06 00 66 10 33 84 21 40 12 25 62 26 18 08 22 53 61 54 97 15 05 09 20 56 00 00 00 00 05 08 35 61 32 41 00 16 27 63 14 01 00 25 01 07 04 21 25 11 02 39 26 04 14 00 03 02 35 34 16 43 09 16 46 42 44 08 38 51 31 05 15 42 55 00 00 06 38
72 27 00 02 11 17 00 38 72 60 22 25 18 00 81 00 72 00 33 48 33 30 13 54 00 00 00 00 92 03 12 54 18 38 35 48 08 33 56 27 05 11 41 02 42 20 20 76 35 58 28 08 00 02 74 18 11 00 16 04 09 09 03 26 14 29 22 00 00 56 00 06 14 46 16 51 44 04 00 56 01 01 43 18 63 51 36 57 05 60 29 29 24 55 74 26
02 24 52 00 32 65 00 00 03 36 88 28 93 24 12 57 00 37 15 00 34 51 24 80 18 65 11 56 03 27 63 33 12 04 45 00 48 40 43 44 13 35 02 00 00 00 15 25 00 32 64 22 07 15 92 35 15 43 04 00 00 26 10 27 00 18 03 35 38 09 60 49 17 01 01 18 00 26 00 24 12 18 10 08 20 19 39 04 29 47 14 56 41 22 00 45
41 00 11 24 68 00 29 02 51 48 00 12 09 23 44 27 35 10 46 09 65 29 03 08 00 00 62 34 15 34 05 00 41 25 34 38 00 00 00 08 14 22 11 00 00 75 30 54 00 30 86 00 26 05 35 15 14 20 36 16 00 03 10 27 26 03 23 13 44 25 00 08 17 27 15 31 06 00 00 12 10 12 00 00 04 33 44 09 39 06 36 69 42 29 19 55
24 38 53 02 23 59 25 11 38 42 12 01 56 15 32 08 37 70 00 01 22 40 12 82 00 00 18 15 14 42 57 65 44 00 31 38 58 04 55 00 00 00 00 04 20 00 00 00 00 07 48 33 27 00 09 16 34 12 25 33 00 01 07 00 32 03 06 18 19 00 50 07 12 07 00 26 09 26 42 00 30 29 00 37 00 18 20 62 72 15 48 29 19 25 04 22
52 21 09 22 01 29 56 53 18 29 56 00 65 26 13 03 08 20 34 00 06 60 75 14 32 27 08 56 02 11 76 22 06 54 42 03 13 01 96 20 00 00 20 36 19 00 42 20 19 33 03 02 00 00 04 56 12 95 14 31 39 02 34 31 29 22 27 40 48 34 32 43 33 00 00 23 11 02 01 05 00 13 04 23 14 55 49 39 31 30 25 13 29 25 55 31
59 45 45 00 58 14 07 03 46 10 61 00 29 16 00 19 30 69 44 00 01 25 06 13 46 46 39 43 31 15 29 11 00 00 26 45 00 00 36 42 00 06 58 88 00 00 48 69 51 31 17 16 17 06 08 54 78 29 55 48 15 29 31 39 60 71 17 12 14 14 33 05 78 09 01 00 00 14 21 00 11 00 21 00 43 12 15 33 31 28 52 20 62 31 00 14
