packages/cartolidar/cartolidar-0.0a14-py3-none-any.whl/cartolidar/data/asc/PuenteDuero/348_4602_2017_fcc3m.asc
ncols 200 
nrows 200 
xllcenter 348005.000 
yllcenter 4600005.000 
cellsize 10.000 
nodata_value 255 
[rows 110 to 164 of 200, columns 96 to 191 of 200]
31 35 46 38 00 60 24 30 58 39 64 63 37 58 75 17 20 48 51 20 53 05 54 42 40 32 01 12 58 47 24 39 60 29 46 33 19 20 32 58 63 20 37 42 00 33 01 00 37 44 63 03 19 09 75 50 00 52 39 11 12 64 48 00 35 82 76 60 71 00 10 37 23 75 51 26 81 41 61 08 74 09 53 42 01 64 03 13 56 37 00 02 35 25 04 00
47 45 06 39 29 51 83 03 52 50 42 57 52 17 56 61 34 41 18 30 40 66 26 19 62 36 16 69 62 50 39 22 44 48 40 21 18 24 22 29 32 37 03 31 04 03 38 35 64 45 43 36 37 37 61 44 00 36 25 41 37 57 46 46 18 65 75 51 10 33 77 69 45 55 77 31 36 14 84 22 28 48 83 14 12 71 37 01 07 12 22 10 08 02 23 00
55 32 39 12 85 56 40 75 34 83 56 16 46 70 62 15 43 29 54 54 50 23 25 41 25 02 00 63 73 81 50 57 32 19 06 21 49 42 01 00 18 15 00 04 26 42 33 46 29 47 25 30 14 52 31 60 29 80 00 67 44 24 29 09 63 79 47 02 26 52 48 49 75 84 81 07 55 36 80 41 42 42 39 50 42 58 53 41 16 33 57 10 00 06 04 13
08 81 03 58 68 22 51 68 63 37 78 77 41 42 16 05 77 48 69 10 01 12 78 17 52 08 22 15 62 90 20 22 41 24 12 54 74 38 14 41 24 22 05 10 25 04 00 42 70 78 44 17 60 31 00 31 16 17 66 61 55 30 21 41 36 10 03 01 95 27 61 60 60 37 30 26 01 66 44 56 09 54 17 39 20 53 60 62 06 17 32 03 00 08 08 02
09 55 04 22 59 60 78 46 42 45 53 48 52 10 52 26 88 72 41 17 20 14 47 20 54 02 60 25 17 25 32 00 55 09 00 23 33 71 46 35 38 19 10 12 02 25 46 27 50 48 33 24 26 20 84 03 90 09 16 57 51 32 28 68 17 00 31 35 88 47 89 71 47 48 27 06 34 14 60 60 58 73 29 06 25 53 30 00 16 01 00 06 07 01 00 01
80 49 46 32 19 46 42 38 35 41 55 30 83 21 52 77 30 18 07 08 74 54 70 18 35 83 36 16 52 23 41 16 33 50 18 35 19 17 08 65 02 08 63 14 75 53 09 97 46 73 17 09 33 22 69 39 33 17 67 50 68 97 37 00 04 47 14 83 67 05 80 44 12 40 03 60 73 00 20 35 03 03 65 26 66 41 48 37 02 07 06 07 06 06 02 02
41 35 08 60 45 65 54 14 50 02 03 49 45 43 46 72 08 00 01 38 67 57 59 11 36 43 79 37 38 22 32 42 00 26 100 16 35 29 14 25 52 03 33 13 25 11 67 37 17 45 55 45 23 29 70 54 16 31 15 61 44 38 02 07 96 75 63 83 66 80 54 70 28 80 31 65 29 00 02 14 20 46 38 40 19 01 13 01 06 09 02 13 00 02 03 15
67 31 70 43 65 40 52 40 51 64 03 27 40 48 03 13 68 61 80 61 46 65 62 00 00 02 08 32 07 34 64 01 16 61 38 00 94 50 12 23 24 31 35 32 08 56 50 47 48 12 53 08 02 08 01 54 51 58 88 36 01 00 24 58 52 89 46 50 58 20 58 36 12 33 05 09 20 12 03 08 25 11 17 07 43 44 32 16 15 30 27 11 04 04 04 02
51 49 07 42 58 76 06 32 00 33 31 34 51 81 21 43 54 13 30 02 01 70 47 55 33 92 03 00 16 66 15 51 32 11 40 26 47 13 00 72 42 32 33 58 13 55 57 32 24 07 50 25 84 05 00 23 44 71 21 00 00 62 33 69 51 50 41 52 50 53 81 41 34 62 05 14 74 00 01 09 02 14 66 41 00 01 02 39 02 16 20 01 00 05 01 02
56 76 60 62 55 31 59 80 66 27 69 53 17 23 00 35 75 10 00 03 00 00 27 39 03 37 23 00 15 62 60 12 01 30 37 59 50 26 00 19 08 04 29 02 81 50 86 64 22 53 76 12 70 01 38 34 05 22 00 04 36 61 30 42 83 55 18 47 43 14 53 21 18 58 26 32 81 25 03 19 03 10 10 20 00 00 00 00 08 51 06 03 00 01 06 10
49 59 74 52 54 20 17 22 40 56 42 45 07 55 93 71 66 48 01 07 00 00 83 46 09 01 36 76 62 49 22 34 05 82 62 42 54 17 00 57 72 19 02 29 77 32 24 60 27 46 49 17 95 92 32 00 00 00 44 100 19 71 97 42 76 26 31 09 26 56 22 83 37 45 41 51 08 00 04 74 63 13 01 02 11 00 00 07 84 05 00 04 04 02 00 00
28 21 46 16 49 76 32 17 51 56 45 31 100 96 62 27 04 01 01 81 74 52 72 28 39 71 53 30 00 07 00 71 74 54 36 28 40 40 07 50 49 45 42 56 69 06 03 12 41 49 01 15 90 34 21 00 00 04 22 76 47 61 49 81 19 50 13 00 84 15 06 44 02 41 16 36 00 02 02 04 09 02 08 57 14 15 05 00 06 00 05 01 01 02 06 02
21 48 64 21 28 63 62 57 12 39 43 34 56 41 02 00 00 00 04 84 40 69 33 02 29 56 25 20 06 00 00 87 17 58 30 00 00 16 37 40 68 82 75 75 62 62 06 56 51 59 58 66 74 28 00 00 42 85 29 67 72 41 55 73 47 05 41 65 34 20 69 36 11 79 03 53 00 11 03 00 00 28 14 62 00 00 16 02 04 00 02 03 03 08 00 00
56 47 52 67 85 47 44 15 51 25 82 13 00 02 12 00 00 00 10 21 26 23 90 05 75 13 28 77 35 52 20 58 00 24 58 04 49 57 88 53 49 22 51 55 36 73 31 06 22 52 14 33 13 09 00 16 72 61 41 78 59 63 37 60 30 46 22 30 42 13 01 00 32 57 10 01 03 04 08 00 00 37 06 03 01 25 00 01 07 04 05 04 00 02 00 04
40 54 60 53 25 21 25 54 51 61 49 77 38 18 29 01 00 00 16 01 70 35 76 56 36 72 32 25 16 30 21 73 67 61 45 22 50 30 19 28 03 07 16 50 18 54 64 09 85 49 51 08 00 38 91 68 76 26 66 34 77 33 00 03 67 66 48 41 57 23 01 02 00 04 06 06 04 00 07 00 00 30 05 15 60 45 01 00 04 14 03 01 05 01 02 01
46 39 30 66 35 42 23 20 93 38 01 15 04 00 00 00 24 03 69 50 18 93 19 27 22 52 22 43 43 18 60 31 41 21 23 24 29 62 29 60 77 28 19 68 36 60 53 39 66 24 00 00 06 78 90 42 83 29 56 49 45 50 60 14 55 52 40 09 41 02 62 15 01 02 01 03 05 12 13 16 30 94 01 07 07 03 04 04 10 01 02 11 02 02 04 02
20 94 58 97 08 28 36 00 82 20 00 08 09 00 00 00 00 00 24 16 92 36 01 01 53 39 58 45 25 63 53 40 43 11 13 44 10 10 05 41 13 08 63 42 48 57 89 05 01 00 00 29 81 07 54 30 62 23 29 07 84 00 50 52 39 29 41 50 38 04 57 02 11 00 00 00 02 12 13 00 21 65 03 01 26 00 03 02 03 04 05 14 11 02 08 02
31 50 61 36 84 00 00 00 83 30 00 16 02 00 01 10 86 68 10 00 32 72 56 73 49 13 50 51 80 25 40 26 00 51 90 56 11 26 18 01 53 86 08 35 57 94 31 00 00 00 16 77 54 04 41 03 77 27 44 53 35 07 70 16 69 57 11 73 19 26 23 04 40 11 11 00 00 02 02 14 09 21 04 04 01 02 01 08 04 04 04 10 02 07 06 04
46 05 97 68 82 17 00 16 86 10 06 05 00 00 09 67 92 36 17 72 05 80 06 22 01 06 16 29 38 58 02 23 17 68 48 44 52 53 23 01 01 71 60 66 76 52 00 00 00 00 75 41 04 87 51 07 54 84 86 44 01 28 37 27 58 51 09 25 07 51 03 53 03 15 16 00 11 01 00 03 03 03 00 05 04 05 13 01 02 12 00 03 02 00 08 04
70 57 46 54 37 29 11 11 43 18 30 10 00 01 00 32 56 56 13 22 00 95 34 60 52 47 33 27 00 33 00 50 52 37 39 23 27 58 58 26 61 62 33 68 09 02 00 14 94 35 58 17 33 21 80 60 26 19 55 01 27 40 20 14 11 21 03 05 02 00 01 03 04 04 05 25 18 01 01 43 32 11 00 01 09 04 05 06 06 03 08 02 02 02 11 07
33 23 22 73 50 33 56 05 08 03 05 94 22 45 37 66 27 50 19 00 14 73 70 05 29 47 18 04 55 53 20 84 61 36 34 76 10 32 45 57 42 44 09 27 00 00 62 70 22 00 42 61 68 33 15 60 38 05 34 03 05 60 04 01 01 03 46 51 02 05 12 03 00 05 08 20 14 14 35 17 37 05 00 04 02 01 11 00 00 02 18 01 07 02 04 01
34 59 70 66 25 30 63 79 78 55 27 40 33 58 80 06 57 46 00 00 11 35 63 10 20 76 08 44 54 89 64 43 59 56 25 34 05 00 30 46 47 60 12 00 31 42 57 44 00 27 36 30 87 32 25 37 05 19 45 61 13 34 54 48 07 00 05 06 13 03 08 84 03 10 11 01 19 25 30 00 09 10 62 00 03 00 10 05 01 03 02 01 04 04 00 11
37 49 68 39 54 39 14 20 32 35 43 00 51 81 25 79 36 76 12 44 84 67 16 27 13 43 55 71 50 31 28 36 46 67 55 73 56 60 40 48 17 02 00 00 73 93 39 20 22 50 56 75 40 74 62 30 35 07 31 55 18 03 04 22 58 01 01 06 04 15 00 29 02 43 05 02 07 01 11 09 15 06 26 03 13 06 00 01 09 00 01 07 03 06 13 01
51 31 72 11 18 13 48 21 53 73 37 44 07 62 16 40 35 58 77 26 15 48 32 32 09 04 15 40 52 45 12 12 67 24 19 37 12 23 38 73 03 00 00 00 85 46 00 45 31 46 37 59 41 71 13 52 28 32 16 70 54 47 25 11 01 00 08 05 08 03 03 04 02 01 01 03 25 12 43 41 00 20 03 08 06 00 00 00 02 05 06 55 30 13 01 00
48 00 42 66 51 20 25 02 46 43 00 14 50 13 04 24 23 81 84 44 13 19 06 65 55 12 00 14 53 14 29 35 34 15 48 48 36 26 01 04 00 26 20 22 29 60 84 35 39 22 56 63 27 62 64 05 44 18 17 14 27 28 24 00 63 00 10 00 10 00 00 06 21 25 54 00 05 00 01 03 07 08 01 10 08 20 01 00 05 05 00 03 08 16 00 00
41 55 42 83 24 16 00 00 13 55 40 45 20 49 00 01 43 54 48 16 00 09 05 21 03 00 00 00 00 60 73 13 13 40 57 97 23 13 00 00 16 92 40 95 68 60 87 00 21 48 67 65 32 18 38 81 01 09 62 00 03 08 00 00 12 06 01 00 39 53 02 13 03 01 08 11 23 01 15 08 05 04 04 03 06 04 13 02 02 04 02 01 11 00 00 00
00 50 54 54 60 05 13 11 12 54 57 59 64 05 53 58 06 40 50 36 00 10 00 13 52 51 58 55 12 80 41 50 46 10 65 63 07 00 00 35 80 88 39 32 36 44 86 83 37 51 35 47 65 05 01 45 46 29 61 00 00 35 35 10 69 10 15 00 08 10 13 03 10 02 18 06 06 04 28 23 08 18 22 02 06 01 01 05 05 01 00 09 18 00 00 00
20 78 36 34 79 52 36 10 00 57 78 36 86 56 62 12 73 23 00 08 03 58 11 24 46 61 32 00 38 54 69 59 70 74 39 01 00 00 14 64 62 71 07 23 27 36 66 37 88 78 59 49 49 54 65 62 17 34 63 10 03 31 18 00 18 05 13 15 01 01 01 04 39 09 15 15 02 01 02 00 00 01 07 14 04 00 12 04 04 00 01 08 23 00 00 00
73 57 48 47 75 55 45 60 45 72 66 05 64 63 51 08 28 14 10 31 83 46 00 14 32 11 03 04 18 59 44 62 30 79 00 00 00 29 24 84 30 51 82 32 34 71 00 17 64 54 36 23 18 58 21 33 25 46 36 18 04 00 04 00 00 04 04 41 45 06 07 09 33 36 20 02 04 01 00 17 03 02 04 09 03 01 00 00 06 04 06 06 01 00 00 00
10 57 52 81 81 42 71 24 74 25 68 00 39 32 44 36 51 30 76 16 27 33 69 68 35 27 31 13 09 00 67 70 48 03 00 32 88 52 55 40 58 52 71 03 53 32 48 80 64 62 12 47 66 49 39 40 01 01 01 15 00 18 00 09 10 11 01 34 27 05 05 09 02 19 00 00 16 02 03 00 06 16 04 01 05 02 06 06 00 00 07 01 00 00 00 00
00 51 53 82 84 24 31 08 82 31 62 43 38 78 11 34 35 75 43 00 11 58 86 36 63 75 37 05 31 30 17 14 15 05 79 86 50 43 68 27 46 20 57 23 76 87 28 42 42 05 61 55 15 74 08 19 00 00 00 00 01 00 17 05 04 00 05 00 06 10 05 04 10 00 01 06 10 01 02 02 05 04 10 25 07 00 01 09 08 09 16 00 00 00 00 00
30 65 62 31 22 10 00 13 76 82 22 52 75 25 71 28 35 25 01 09 15 26 82 25 30 60 01 26 56 83 22 07 13 84 29 23 48 72 23 89 64 67 41 40 42 42 32 40 75 00 68 28 44 15 02 08 09 32 68 00 00 03 01 05 01 03 04 03 00 00 01 04 05 02 07 02 07 00 01 02 03 05 04 02 02 01 02 00 16 05 00 00 00 00 00 00
00 30 61 60 19 12 09 22 52 54 62 30 84 13 33 07 00 33 01 72 48 43 37 05 87 18 05 75 37 41 00 45 81 44 12 86 03 59 37 80 85 32 17 36 04 24 44 65 17 25 26 40 54 45 02 24 86 31 06 00 22 01 02 06 01 02 00 09 02 00 00 10 03 03 04 01 01 01 07 00 00 04 03 08 01 00 07 10 02 04 00 00 00 61 41 00
25 64 67 23 35 07 17 08 06 03 40 41 28 75 26 09 37 16 02 58 52 34 41 53 32 69 68 41 00 00 20 82 88 59 42 81 89 27 43 54 73 76 72 16 12 13 48 35 06 24 57 82 16 14 01 21 09 11 45 00 00 00 04 01 02 01 13 00 12 21 00 03 00 02 03 02 01 05 05 11 03 05 06 05 02 13 02 12 00 15 00 00 00 32 20 00
52 24 30 08 78 69 90 54 27 00 57 19 47 00 79 61 25 12 88 53 27 86 70 05 48 14 00 00 00 04 88 50 69 55 60 81 66 06 35 14 37 48 39 64 70 45 53 68 10 51 21 17 30 01 26 41 13 01 47 03 21 00 02 00 11 04 02 01 03 15 91 02 03 06 00 02 07 05 03 05 07 02 02 05 00 10 05 07 12 09 10 00 00 00 00 00
16 14 59 35 55 01 28 61 25 18 00 00 00 00 47 98 62 31 58 28 27 89 43 18 23 00 00 19 72 43 40 53 53 49 44 22 24 41 55 31 42 66 17 13 45 17 18 35 74 71 00 38 34 26 53 01 46 18 01 08 02 00 04 07 03 01 02 08 02 04 48 01 03 02 10 00 03 02 04 04 04 93 19 00 18 17 04 03 10 09 00 00 00 00 00 00
48 25 29 48 19 23 06 100 07 45 70 32 17 33 11 44 26 03 00 01 52 63 15 32 28 00 24 88 37 51 60 56 48 44 20 68 07 03 44 23 11 35 43 04 02 04 01 00 87 83 11 02 12 10 16 02 00 00 00 17 01 00 02 02 05 01 03 26 09 19 02 17 02 01 00 03 04 04 04 05 01 18 01 05 04 02 00 00 00 00 00 00 00 00 00 00
20 41 66 58 01 08 77 79 44 39 54 00 92 67 36 53 15 18 11 59 87 100 51 00 19 80 20 48 67 74 58 96 20 19 21 64 21 73 08 89 50 72 14 00 18 27 05 00 56 29 02 03 46 25 00 10 92 03 28 04 16 05 01 03 13 05 00 00 06 04 08 02 04 08 00 05 09 00 03 26 00 04 14 03 00 00 00 00 00 00 00 00 00 00 00 00
39 58 25 17 30 12 22 24 25 57 57 75 33 69 38 78 12 09 22 71 60 30 00 18 53 56 70 46 50 01 65 63 17 60 41 45 44 00 39 66 17 35 00 01 00 66 13 00 15 33 01 03 11 02 00 20 25 08 03 25 09 06 04 00 05 01 02 02 10 01 00 01 05 02 00 02 04 07 26 00 00 00 00 00 00 00 00 00 00 00 00 00 00 00 00 00
34 65 36 30 15 38 14 75 00 00 00 55 28 78 67 17 02 12 19 06 11 00 00 35 67 32 31 45 54 33 96 28 55 44 59 63 37 91 17 15 00 00 00 00 00 00 22 14 08 67 00 16 32 18 00 07 02 04 06 67 06 06 48 50 02 24 05 04 00 03 00 07 02 01 03 03 07 08 14 00 00 00 00 00 08 02 00 00 00 00 00 00 00 00 00 00
55 27 00 46 28 67 25 69 41 05 49 39 62 48 47 36 60 42 03 00 00 00 09 16 65 90 75 46 70 38 39 12 69 74 62 35 00 16 00 00 00 00 00 00 00 00 49 33 00 10 06 86 13 13 56 17 07 06 03 00 33 09 05 17 01 00 01 04 13 12 04 09 05 02 67 01 06 05 16 10 00 00 00 04 18 14 00 00 00 00 00 00 00 00 00 00
09 01 01 11 36 62 62 52 42 59 47 21 71 77 48 26 24 05 00 00 00 23 98 25 51 60 58 47 57 32 83 72 58 06 10 00 12 02 42 01 00 00 00 00 01 00 00 00 00 00 00 09 02 13 58 55 18 23 46 01 11 36 03 07 01 07 61 40 00 04 05 00 01 05 07 02 08 00 10 00 00 00 24 00 08 04 00 00 00 00 00 00 00 00 00 00
00 00 00 00 54 58 65 62 53 49 77 16 55 38 66 48 25 00 00 55 47 90 62 75 48 83 84 63 52 47 06 29 82 00 00 03 04 12 35 16 00 00 03 03 74 16 10 00 00 00 00 00 13 18 37 37 52 76 14 48 35 61 15 12 03 02 19 16 23 36 04 06 04 14 08 04 13 00 67 11 00 01 02 04 00 00 00 00 18 00 00 00 00 00 00 00
78 00 40 90 61 35 01 65 85 05 17 00 78 74 58 07 00 00 01 87 56 97 59 16 52 75 52 85 64 35 33 60 77 26 05 70 00 13 05 13 36 36 12 34 77 30 57 00 00 00 00 00 37 48 00 00 64 22 00 12 05 50 24 11 13 00 07 14 06 08 03 21 13 06 00 07 30 10 00 00 00 00 03 11 00 00 00 00 00 00 00 00 00 00 00 00
38 48 10 34 72 23 12 57 46 12 70 41 37 38 00 00 51 00 88 92 23 48 24 32 61 71 37 12 04 33 95 36 19 00 33 07 06 02 16 00 08 09 00 04 07 00 00 00 00 00 00 00 00 00 00 00 00 00 00 00 00 00 00 00 00 00 00 00 00 00 00 00 00 00 00 00 00 00 00 00 00 00 00 00 00 00 00 00 00 00 00 00 00 00 00 00
62 60 27 73 32 42 54 59 60 76 54 49 04 00 00 21 12 64 30 80 37 67 60 52 28 14 95 81 91 88 03 01 06 00 05 00 00 02 11 00 00 00 00 00 00 00 00 00 00 00 00 00 00 00 00 00 00 00 00 00 00 00 00 00 00 00 00 00 00 00 00 00 00 00 00 00 00 00 00 00 00 00 00 00 00 00 00 00 00 00 00 00 00 00 00 00
32 01 78 80 31 00 71 20 77 66 89 22 00 00 76 66 48 100 69 29 85 22 06 46 30 02 33 16 25 25 00 00 00 00 00 00 00 00 00 00 00 00 00 00 00 00 00 00 00 00 00 00 00 00 00 00 00 00 00 00 00 00 00 00 00 00 00 00 00 00 00 00 00 00 00 00 00 00 00 00 00 00 00 00 00 00 00 00 00 00 00 00 00 00 02 00
23 58 42 82 02 14 67 08 23 51 23 00 00 50 83 65 53 71 13 06 18 02 00 00 00 00 00 00 00 00 00 00 00 00 00 00 00 00 00 00 00 00 00 00 00 00 00 00 00 00 00 00 00 00 00 00 00 00 00 00 00 00 00 00 00 00 00 00 00 00 00 00 00 00 00 00 00 00 00 00 00 00 00 00 00 00 00 00 00 00 00 00 00 00 00 00
54 59 27 42 47 69 64 16 00 00 00 59 37 12 25 00 00 00 00 04 02 00 00 00 00 00 00 00 00 00 00 00 00 00 00 00 00 00 00 00 00 00 00 00 00 00 00 00 00 00 00 00 00 00 00 00 00 00 00 00 00 00 00 00 00 00 00 00 00 00 00 00 02 00 00 00 00 00 00 00 00 00 00 00 02 67 00 00 00 00 00 00 00 11 15 06
19 27 24 43 63 92 45 05 00 00 68 64 02 00 00 00 00 00 00 04 00 00 00 00 00 00 00 00 00 00 00 00 00 00 00 00 00 00 00 06 08 12 04 15 11 08 09 49 03 23 03 08 00 11 10 00 00 13 48 02 00 00 00 00 00 00 00 00 00 00 00 00 00 00 00 19 02 47 01 00 00 00 00 00 00 09 00 00 00 02 31 04 00 04 04 00
18 72 08 52 79 37 00 00 00 00 06 08 00 00 00 00 00 00 00 00 00 00 00 00 00 00 00 00 00 08 02 04 01 02 06 01 20 07 14 02 15 11 01 02 04 07 06 45 09 25 20 44 11 33 05 26 40 70 37 00 00 27 26 00 00 00 00 00 00 00 00 00 00 00 00 40 10 31 01 00 00 00 00 03 36 00 00 00 00 00 04 00 00 00 00 00
50 52 94 29 17 00 00 00 00 00 00 00 00 00 00 00 00 00 00 00 00 00 00 00 00 31 57 01 02 28 13 03 03 13 23 10 05 02 08 02 06 06 03 08 09 03 01 15 06 29 07 13 05 61 00 03 52 18 09 00 01 53 20 05 00 00 00 00 00 00 00 00 00 00 00 00 00 12 00 00 41 00 00 02 52 00 00 00 00 00 00 00 00 00 00 00
93 39 24 00 00 00 00 00 00 00 00 00 00 00 00 00 05 20 47 00 67 51 04 06 23 31 33 30 20 16 14 05 12 18 07 01 01 08 10 08 02 02 01 02 08 21 09 35 12 24 00 12 15 14 19 23 61 34 72 00 25 51 45 14 00 00 00 00 00 00 00 00 00 00 00 00 00 30 06 00 44 67 00 00 00 00 00 00 00 00 00 00 00 00 00 00
16 02 00 00 00 00 00 00 00 00 00 00 00 00 00 02 50 46 08 16 58 17 00 36 18 44 34 60 27 20 04 44 04 07 02 04 01 04 00 10 08 03 11 01 00 13 12 25 34 05 00 27 31 13 22 02 06 00 01 14 00 00 00 00 00 00 00 00 00 00 00 00 00 00 53 10 00 00 00 00 11 42 00 00 00 00 00 00 00 00 00 00 00 00 00 00
00 00 00 00 00 00 00 00 00 00 00 00 00 00 21 42 04 45 11 34 19 09 21 01 47 32 18 14 41 07 00 01 09 07 02 03 05 06 02 11 05 02 00 41 00 02 05 14 00 14 22 00 00 00 36 12 48 17 00 16 10 00 00 00 38 00 00 00 00 00 00 00 00 00 10 02 00 00 16 00 00 00 00 05 68 01 00 00 00 00 00 00 00 00 06 00
