packages/cartolidar/cartolidar-0.0a14-py3-none-any.whl/cartolidar/data/asc/PuenteDuero/348_4600_2017_fcc3m.asc
ncols 200 
nrows 200 
xllcenter 348005.000 
yllcenter 4598005.000 
cellsize 10.000 
nodata_value 255 
[rows 0 to 54 of 200, columns 0 to 95 of 200]
50 18 07 16 15 27 23 34 27 41 34 24 62 69 25 30 89 74 82 80 04 38 10 00 00 00 02 11 73 79 57 39 17 69 57 23 04 41 34 58 06 05 04 25 06 19 56 24 39 17 26 47 28 01 06 25 47 33 11 22 48 03 14 16 62 16 51 11 19 11 09 14 02 28 02 36 52 42 11 35 00 02 18 00 61 14 20 30 19 12 20 01 19 05 05 12
75 52 05 84 36 28 05 41 15 65 52 81 35 50 63 10 92 37 01 19 00 00 00 00 02 81 80 43 71 31 32 02 21 51 11 14 30 11 20 06 11 10 48 09 03 15 15 05 12 28 22 33 30 00 24 37 56 17 25 20 20 27 27 15 28 10 16 26 31 10 21 07 03 00 09 23 41 03 25 05 56 42 05 03 00 11 50 04 31 22 03 30 10 02 04 32
38 46 36 36 49 36 53 42 78 38 40 22 00 13 15 00 00 00 00 00 04 27 02 00 22 70 21 74 06 40 35 38 62 16 21 13 36 57 30 40 41 38 13 06 07 69 16 33 06 11 02 00 14 00 44 26 21 00 39 06 46 03 00 23 46 18 00 13 16 58 23 13 22 24 13 16 19 39 18 01 13 10 09 18 13 72 33 01 03 23 03 01 01 02 21 07
87 32 54 12 91 41 53 71 54 12 00 00 00 00 00 00 07 05 47 25 37 70 75 48 64 00 43 21 06 47 06 18 42 32 11 37 02 31 26 26 23 69 19 14 00 05 26 06 39 29 57 18 71 00 19 23 57 04 10 03 00 18 24 12 06 52 12 28 51 29 03 04 12 12 25 61 28 01 17 06 00 45 44 13 16 02 36 17 04 39 02 08 14 00 17 14
20 15 21 00 06 05 00 00 00 00 00 04 16 36 01 76 96 16 76 45 24 33 16 00 45 17 10 09 16 12 25 41 01 15 01 23 04 08 46 20 75 17 30 38 02 25 54 12 19 15 20 01 10 00 06 43 06 02 20 33 46 19 26 23 04 04 00 10 05 49 05 21 21 30 25 06 39 15 19 36 03 21 17 10 06 05 08 08 01 19 02 04 11 04 08 04
00 00 00 00 00 23 09 18 00 00 00 81 82 44 05 42 26 81 03 57 27 04 71 18 10 20 12 37 16 41 45 35 13 02 04 15 05 48 08 45 55 11 40 01 22 20 31 16 37 36 26 01 16 13 00 21 13 07 62 35 25 00 42 17 17 22 07 02 35 13 03 28 10 15 19 06 10 14 33 26 03 01 00 03 01 19 18 12 01 05 15 06 15 07 02 31
00 14 38 00 03 71 51 100 93 63 02 76 26 19 20 17 42 08 25 16 35 08 16 32 60 09 23 57 37 20 07 22 77 12 41 48 13 13 02 25 10 00 42 07 26 11 10 12 24 04 40 09 09 09 17 42 25 35 56 53 03 00 24 33 33 12 00 01 22 26 04 06 05 44 25 23 47 15 15 10 00 14 18 00 10 04 05 06 02 06 13 06 04 01 10 10
53 93 64 00 80 14 01 59 58 10 00 00 00 60 37 15 23 12 57 24 07 03 13 37 22 32 44 26 40 10 05 12 58 14 17 24 17 20 01 64 56 01 22 22 09 09 08 55 25 02 21 39 33 60 35 14 10 14 51 31 59 42 25 15 11 61 06 11 08 18 03 22 26 36 24 13 12 02 10 04 01 00 08 06 05 10 05 06 06 05 01 12 06 00 04 02
43 53 38 27 78 04 21 06 98 34 00 22 86 12 00 09 53 25 05 32 44 02 21 29 23 77 45 22 34 36 26 06 08 60 25 06 14 40 40 20 33 24 35 04 14 12 39 25 19 10 27 68 29 00 00 59 11 31 33 18 15 33 20 00 17 34 21 14 05 40 10 47 03 37 39 22 10 00 11 01 02 07 14 00 29 09 13 06 01 04 07 00 00 28 44 05
40 76 84 55 71 06 67 02 23 08 03 29 67 24 12 70 03 44 07 34 28 70 32 04 50 07 02 24 04 04 05 29 00 35 13 11 09 05 22 00 11 19 21 18 04 22 50 28 18 07 37 05 23 25 55 20 20 13 15 11 33 13 46 07 18 38 06 56 25 08 47 07 11 25 03 10 01 09 41 01 40 05 01 05 00 12 35 00 25 00 11 12 11 17 21 00
01 05 11 18 04 17 33 29 09 73 03 71 70 71 10 68 37 43 11 16 50 04 20 20 05 64 04 08 32 44 00 16 02 14 07 05 72 00 50 02 04 13 15 75 04 14 00 10 25 37 25 32 11 13 22 13 06 39 11 31 34 64 48 44 32 43 09 01 20 07 20 18 04 47 01 14 11 16 14 14 88 01 10 11 09 02 11 25 35 00 25 08 07 11 05 03
29 37 59 49 35 14 00 57 22 00 07 37 04 50 17 05 31 80 23 35 50 26 21 10 57 07 36 35 19 22 01 18 12 36 37 04 23 01 07 29 06 00 02 35 53 21 26 33 37 64 29 15 12 28 25 12 25 32 50 23 25 17 13 03 25 32 12 00 03 04 03 07 00 02 06 00 08 05 16 06 00 08 05 14 01 05 01 00 08 19 10 09 03 12 15 15
58 18 92 07 00 94 89 46 04 00 62 34 79 00 00 41 48 32 32 34 18 44 20 37 25 68 31 09 07 14 07 20 36 37 11 31 14 25 06 38 01 00 78 10 01 12 04 22 15 60 12 17 06 17 30 04 20 07 30 00 11 17 06 07 05 01 23 03 06 02 04 02 09 21 10 14 01 01 04 04 00 03 08 20 11 02 04 02 03 07 08 02 02 35 06 05
00 00 42 25 00 23 12 09 82 05 04 07 22 00 00 00 52 31 15 13 74 39 69 81 16 14 08 14 31 32 59 61 07 11 27 04 17 15 12 07 05 16 24 02 22 23 73 32 04 14 11 20 09 36 13 06 26 20 28 38 37 10 12 15 09 05 06 04 00 14 08 09 02 14 00 02 01 01 15 11 03 00 01 00 06 07 09 05 01 11 17 03 25 08 00 00
14 01 10 13 01 01 02 15 35 58 70 31 40 15 31 00 37 21 94 03 21 11 23 47 22 35 37 25 05 18 10 06 24 42 31 03 15 12 16 28 03 24 14 25 15 43 18 14 14 18 20 04 02 28 00 05 08 11 00 00 03 04 00 01 06 01 22 21 12 17 00 08 03 09 00 06 20 03 05 33 35 10 00 04 18 04 05 13 11 03 07 14 32 27 00 34
29 07 34 60 51 32 48 48 54 11 26 29 17 28 71 24 09 00 07 43 74 69 17 08 70 29 50 05 55 12 28 14 20 10 02 18 07 09 21 20 50 41 39 08 37 40 15 29 13 47 25 03 00 15 04 00 11 06 04 03 13 00 16 01 04 05 05 01 12 46 07 22 01 30 23 07 01 08 02 06 12 06 00 06 18 18 61 27 23 12 34 25 16 08 28 06
20 63 22 40 70 12 46 28 21 04 27 08 42 34 15 37 92 30 56 00 04 26 34 60 67 26 41 44 11 41 20 24 11 01 62 15 06 03 42 10 55 33 08 08 05 13 08 35 29 07 34 09 27 19 83 08 10 17 06 10 07 02 34 04 01 49 34 05 01 00 04 20 08 06 14 10 04 10 09 23 01 16 03 66 14 12 69 62 14 37 22 17 08 00 03 39
36 40 18 26 67 76 04 57 71 09 81 04 30 11 02 15 51 46 61 00 08 00 17 35 07 30 38 65 59 46 41 16 29 15 01 23 36 24 47 17 60 03 25 24 15 12 33 20 41 09 45 36 23 10 08 04 19 47 11 01 05 00 63 09 54 36 42 02 11 11 00 12 02 06 07 03 07 21 19 08 00 13 31 37 29 15 15 08 06 50 08 28 20 04 00 00
01 06 33 29 53 22 25 28 02 21 08 02 66 40 69 27 26 30 34 18 86 00 11 75 01 14 30 41 09 45 41 22 05 07 12 07 43 12 43 04 21 03 29 07 06 14 20 02 15 04 23 39 48 06 16 04 37 00 06 04 06 00 00 21 12 02 25 02 22 00 16 02 18 09 15 05 14 34 03 02 15 45 18 16 42 00 00 68 46 45 76 63 04 12 24 49
26 43 72 09 29 16 68 20 17 18 15 47 04 33 79 70 68 29 93 52 18 00 10 27 11 97 00 00 00 20 55 30 60 64 18 06 18 15 71 16 29 65 29 13 27 43 51 10 12 82 12 00 53 09 18 22 24 03 23 00 04 01 04 04 10 10 03 06 09 01 03 07 01 43 07 26 13 21 40 61 03 21 37 03 09 01 00 24 26 02 28 68 00 06 19 03
33 41 08 17 28 63 30 17 20 11 29 13 02 20 16 51 34 13 12 08 23 09 05 78 25 11 02 00 07 08 00 00 67 09 03 09 07 00 00 14 19 33 62 26 09 13 19 35 36 09 10 00 04 12 06 58 17 26 03 05 13 06 21 18 11 03 12 24 03 07 30 04 13 29 29 16 01 13 31 26 10 13 58 30 66 05 00 08 45 30 12 43 16 36 04 13
00 24 22 47 27 67 36 14 33 22 43 25 69 46 43 08 10 42 64 12 65 17 38 83 51 40 38 24 45 44 56 00 30 29 46 22 68 42 22 12 23 07 00 42 13 38 18 12 20 21 18 35 04 00 12 21 20 01 25 10 02 02 07 18 26 14 00 68 13 22 60 27 29 07 03 06 24 22 04 45 41 25 40 38 29 46 44 75 45 75 39 50 23 65 01 03
16 27 30 06 48 20 19 39 37 22 07 15 25 12 08 37 09 07 13 25 60 50 85 17 21 19 30 27 27 24 52 45 50 32 02 00 25 20 20 28 46 12 36 32 01 00 00 01 00 06 17 08 08 12 12 04 10 06 01 17 20 12 30 18 05 05 06 32 28 05 50 06 06 38 33 00 56 28 25 14 25 05 03 04 27 34 42 26 12 19 08 43 11 32 50 26
04 23 19 29 35 10 08 02 46 55 02 54 11 38 15 03 63 26 31 41 16 89 85 03 01 66 28 05 41 18 01 05 19 10 19 16 04 02 00 00 00 47 60 17 15 18 00 00 00 90 33 05 03 04 04 01 00 02 13 19 50 07 00 09 02 47 34 08 33 17 00 32 19 16 02 23 40 21 34 17 01 22 30 04 09 38 16 03 26 30 45 16 02 35 45 16
33 22 17 04 17 36 67 02 39 51 38 22 18 26 31 58 11 09 37 34 76 32 91 30 25 08 63 52 02 15 14 35 06 51 22 26 10 09 35 07 04 05 05 42 46 52 12 00 00 11 06 00 01 16 09 05 02 02 00 28 41 11 24 08 24 32 21 10 06 10 08 04 01 36 12 10 18 07 16 22 00 35 27 23 10 15 79 32 28 66 45 49 10 16 62 25
37 05 09 18 11 15 02 22 38 30 26 55 21 31 07 15 26 44 14 54 50 14 56 01 51 45 38 80 23 45 09 05 09 47 00 13 13 58 52 17 18 00 17 06 00 38 05 00 15 00 00 00 00 00 09 05 10 23 15 08 10 09 44 04 09 32 16 10 14 48 04 04 02 27 57 07 20 03 01 07 00 25 08 13 16 36 14 05 22 12 49 18 29 07 70 09
24 20 10 30 09 03 04 38 54 14 31 56 41 12 54 20 01 20 57 34 14 21 28 67 76 73 27 31 17 10 08 12 10 16 05 35 39 33 01 00 54 00 44 73 17 41 00 00 11 05 00 04 00 03 16 08 19 36 25 23 01 16 14 20 06 13 15 08 15 33 16 13 02 18 13 72 80 18 00 28 33 32 10 22 02 08 07 24 83 28 20 27 00 25 42 30
27 07 29 08 40 13 05 05 48 33 35 22 03 04 07 06 87 13 18 02 24 19 13 42 23 39 26 06 16 40 17 24 44 61 17 62 43 12 00 36 23 10 43 26 32 16 00 00 00 00 00 00 00 00 04 08 28 15 10 38 03 31 12 04 15 15 10 13 37 10 03 15 36 16 08 00 04 21 75 01 01 08 40 25 12 06 55 14 10 26 28 31 03 26 30 18
00 10 34 17 04 08 04 04 46 25 21 10 00 00 00 00 25 29 43 06 11 31 39 36 46 02 21 02 28 54 22 02 14 19 07 62 23 02 36 04 26 31 18 23 08 00 00 02 06 03 40 01 00 00 00 28 91 02 58 38 67 68 12 11 21 24 35 40 29 11 19 13 71 06 86 14 11 23 16 05 11 18 30 06 10 19 28 08 05 30 13 03 34 48 28 02
04 17 57 00 28 06 19 11 10 16 02 04 26 04 21 04 13 16 10 45 02 12 78 08 55 16 09 17 29 28 20 16 63 21 68 45 14 47 10 02 00 00 53 88 41 09 45 78 40 08 29 00 32 06 00 00 00 00 32 08 06 34 42 26 51 72 70 30 23 33 57 16 01 01 13 07 33 37 25 02 37 50 07 08 02 07 33 00 00 11 28 22 22 24 24 07
18 00 07 02 16 22 35 29 27 11 17 06 01 62 31 19 10 00 03 15 12 41 31 10 47 56 20 27 36 26 34 05 10 08 39 21 08 07 30 04 32 40 33 13 00 31 34 13 20 61 22 00 43 01 02 00 00 00 00 00 05 00 02 05 17 18 04 04 23 62 58 38 15 35 03 20 25 09 33 24 11 07 00 09 20 32 18 35 01 41 18 82 31 05 22 03
04 21 15 45 02 20 37 11 01 00 10 03 09 25 00 22 01 05 28 18 45 33 36 37 53 11 41 58 38 93 45 48 44 62 36 00 43 07 06 05 32 48 22 00 30 15 26 14 22 33 56 46 31 46 67 03 03 11 05 08 00 02 05 00 08 08 19 30 36 01 72 60 56 51 52 71 20 18 38 00 15 26 17 12 16 13 28 39 00 01 05 13 17 25 19 09
05 33 15 07 26 00 44 42 20 10 18 01 13 40 01 48 03 00 00 33 43 26 41 24 04 12 05 05 01 16 18 19 20 11 29 27 29 05 07 30 10 05 24 17 34 04 12 11 24 27 30 13 29 08 11 51 01 00 25 96 00 00 00 00 00 00 07 04 47 31 01 42 17 03 08 03 25 12 07 02 62 42 07 34 35 28 16 14 25 19 17 28 14 41 50 16
03 50 29 01 03 00 06 10 27 25 16 02 12 19 09 06 32 02 09 52 03 11 46 02 13 17 70 00 02 00 09 40 44 08 44 12 09 83 29 21 28 00 67 44 23 75 27 68 04 12 27 35 62 16 05 65 73 41 09 30 58 04 41 63 00 00 00 05 10 00 08 11 04 06 15 34 15 41 09 16 03 16 58 82 19 41 16 15 11 06 18 11 00 28 31 53
52 15 32 12 54 13 03 15 02 42 12 56 07 05 12 12 20 03 00 15 16 05 21 03 66 03 08 37 03 00 26 42 09 07 20 39 00 14 06 16 05 09 05 74 02 55 12 21 04 05 00 62 35 09 14 11 29 30 11 24 24 06 70 58 25 62 00 00 00 00 00 34 21 00 11 08 11 09 04 11 14 07 29 51 01 20 43 32 09 08 54 09 62 07 22 25
41 07 05 24 20 04 16 23 20 36 34 17 07 16 17 06 13 19 75 22 05 31 13 17 06 02 00 33 02 05 08 25 30 01 08 13 16 17 19 05 07 38 14 47 18 12 17 28 08 03 01 03 02 08 00 21 31 14 43 58 28 03 02 09 26 23 00 18 07 00 00 00 00 00 18 03 14 12 20 14 13 01 08 06 32 52 23 19 22 54 03 76 21 02 13 10
28 44 13 21 16 25 06 14 08 48 05 21 01 02 04 38 00 14 15 26 02 50 00 56 11 09 08 19 08 19 05 09 39 12 10 09 40 22 03 12 04 18 07 01 21 03 18 10 11 40 36 00 00 00 09 35 31 47 07 45 35 40 02 29 16 05 07 01 04 00 00 19 29 00 00 14 00 06 07 11 21 10 18 20 33 17 26 12 39 14 16 12 50 62 55 09
01 06 10 26 55 16 00 28 05 02 15 06 24 03 01 06 29 23 35 28 22 26 10 66 08 08 35 27 06 06 10 01 77 69 22 69 28 03 00 05 25 84 02 06 08 33 19 29 26 19 44 00 08 00 02 02 01 14 00 02 00 32 16 10 06 52 79 01 19 50 05 89 70 09 15 04 24 23 00 00 00 05 09 12 17 23 09 16 64 36 64 07 50 22 31 06
00 17 10 14 30 15 00 18 07 22 61 26 03 05 14 28 17 07 04 08 40 32 01 20 30 24 33 30 07 41 41 20 13 04 33 71 32 29 02 34 20 15 15 59 47 33 28 31 18 19 22 44 15 10 36 06 00 16 06 04 13 00 34 27 51 01 41 51 80 52 03 02 28 90 80 37 79 25 00 00 00 11 28 08 10 11 43 29 25 19 100 55 07 66 05 06
38 82 48 28 27 04 13 07 04 39 20 22 26 18 06 19 25 19 04 17 24 17 26 48 21 22 10 21 05 00 17 16 13 01 52 13 22 13 07 34 81 08 25 01 42 16 12 17 32 02 12 15 18 20 10 02 45 04 09 14 56 38 22 01 20 00 00 51 08 57 36 14 64 24 44 31 26 06 00 00 02 04 00 32 36 06 50 16 19 28 11 23 79 06 02 45
40 11 53 09 11 32 00 13 14 70 22 38 61 51 33 40 33 05 21 13 14 22 18 21 18 42 09 05 09 58 23 29 01 17 25 30 09 30 58 21 33 00 44 11 20 06 15 08 00 12 37 40 17 62 32 39 08 00 10 12 37 45 54 00 00 02 02 50 00 00 04 16 39 00 63 20 14 11 00 00 10 00 02 26 08 00 17 06 07 25 30 06 03 55 04 04
65 08 47 06 08 82 35 21 13 19 27 21 16 05 47 43 38 06 13 19 47 11 10 04 44 05 06 27 14 53 14 63 47 24 46 10 10 22 47 24 60 10 04 25 04 21 36 16 47 28 00 37 35 06 25 26 08 00 20 24 13 62 22 08 03 13 50 00 06 01 16 07 69 12 28 10 48 07 00 00 00 02 18 16 00 00 08 18 13 05 05 13 08 17 20 00
12 01 06 08 40 04 30 32 26 13 20 55 47 49 38 42 17 31 58 39 15 24 11 26 02 06 04 21 17 06 02 05 02 00 02 18 26 23 09 38 28 34 25 38 45 07 00 44 23 33 04 08 02 34 08 50 17 02 30 26 09 42 32 35 45 25 30 23 05 11 20 03 11 03 28 43 28 07 58 01 68 16 46 01 00 04 42 00 08 07 18 03 00 05 53 19
08 00 14 02 23 24 04 13 55 43 26 19 00 00 27 17 09 19 34 51 27 01 43 43 32 05 00 04 12 02 03 02 00 00 01 07 47 31 21 24 29 21 17 00 26 08 32 22 18 26 00 02 29 34 01 02 07 04 19 26 32 54 50 14 43 58 42 36 32 46 26 17 39 32 22 36 13 01 03 00 10 01 12 00 00 00 00 02 00 08 09 01 78 01 24 30
64 37 60 23 21 13 17 06 10 30 20 21 31 32 12 29 65 11 50 22 28 36 13 12 04 00 29 60 10 02 07 01 00 29 31 10 42 35 10 04 02 10 20 21 22 10 05 32 01 18 13 51 00 20 11 01 26 07 66 60 77 38 10 32 30 51 22 28 25 22 51 09 28 35 46 06 47 73 54 27 27 20 24 00 00 00 35 26 05 04 02 50 07 12 07 35
14 23 33 00 82 18 33 40 17 54 17 32 01 07 50 09 57 18 37 85 53 24 05 09 00 00 14 50 44 01 11 10 00 08 07 04 36 51 51 00 16 25 10 43 00 33 10 27 32 03 10 08 15 00 35 21 35 23 71 47 05 01 07 02 22 33 32 40 42 23 32 51 20 17 27 42 43 16 12 16 13 27 74 02 00 09 93 30 00 03 00 39 18 39 48 36
51 12 13 01 10 14 40 23 27 27 13 17 15 12 29 75 07 12 50 47 36 24 25 10 02 00 15 06 10 04 04 01 22 09 27 20 20 00 04 18 80 23 00 00 42 32 29 12 18 04 16 22 18 00 45 49 11 70 27 11 05 01 28 43 05 12 02 26 29 19 21 18 26 24 32 03 14 33 30 20 08 48 30 61 44 05 04 07 00 00 00 02 69 79 74 40
45 40 22 23 07 55 00 02 30 10 45 66 31 06 27 17 23 50 13 00 25 15 05 07 15 01 25 01 02 04 20 31 03 36 18 07 37 18 49 00 00 00 00 27 28 06 07 07 48 01 05 10 03 06 01 26 25 69 06 15 18 03 16 11 28 21 41 28 06 27 30 33 27 24 16 64 21 18 08 46 48 34 16 51 23 10 44 43 00 00 03 02 02 74 31 12
21 12 25 10 42 34 15 35 27 12 05 20 32 13 15 21 26 49 26 21 19 11 04 02 00 14 25 00 07 11 43 10 05 10 29 20 10 45 11 03 00 02 29 32 43 01 01 00 05 33 25 28 32 49 26 29 07 07 22 19 13 19 39 18 32 18 00 27 07 29 08 21 04 21 54 00 18 31 00 41 38 13 11 07 03 73 14 21 13 00 00 00 01 61 77 67
51 22 70 10 35 05 42 37 22 26 16 68 80 05 30 17 31 05 39 19 02 01 04 12 01 02 18 04 09 14 00 05 24 15 03 57 31 31 40 18 43 30 29 15 45 12 08 15 03 11 36 00 13 38 04 20 23 31 23 04 09 12 20 00 00 06 18 31 30 36 04 11 43 25 18 07 19 50 41 06 75 19 02 05 00 32 00 60 76 10 00 00 01 03 11 08
05 54 16 18 02 25 60 50 16 53 44 63 19 09 24 05 37 31 08 04 03 14 01 03 08 04 59 08 11 42 28 47 08 00 00 14 09 14 00 28 13 15 06 25 17 60 11 16 16 40 00 08 06 24 00 10 11 13 27 06 45 09 39 14 27 09 01 20 10 19 31 09 02 43 19 07 00 13 03 65 51 26 00 53 49 84 08 07 27 84 02 00 00 00 00 03
28 20 83 53 00 21 13 24 10 31 15 32 46 06 54 08 40 25 12 13 16 03 12 06 13 01 16 01 00 05 04 15 03 10 11 10 07 10 40 13 22 54 04 01 47 00 39 04 06 40 03 19 00 03 25 43 10 07 03 00 57 12 07 00 53 17 24 30 08 23 25 00 17 62 16 65 33 51 20 07 07 04 10 67 12 37 00 02 13 03 34 58 11 00 00 62
32 48 23 01 04 02 28 30 20 09 07 12 66 10 01 02 81 02 10 19 10 15 20 09 11 04 01 33 05 00 00 27 27 29 28 28 05 07 16 27 11 53 16 51 06 00 25 10 46 08 04 41 05 12 19 26 05 02 26 05 42 07 12 40 07 00 17 43 00 48 30 13 16 36 33 10 05 00 46 34 36 23 31 06 06 12 15 12 35 24 35 62 15 04 00 02
55 11 34 10 18 16 74 17 21 09 41 26 53 45 25 18 30 35 06 18 15 21 12 18 02 45 05 12 36 05 12 38 01 37 20 36 05 43 00 28 14 01 01 30 06 02 04 20 18 13 35 18 00 12 35 02 04 02 39 03 32 03 37 18 11 29 20 10 10 30 08 29 30 07 26 26 47 27 03 17 20 08 05 00 72 20 16 40 12 52 71 54 80 13 01 00
26 14 30 62 15 28 00 01 28 20 06 15 43 00 33 12 10 36 13 44 32 05 00 00 11 03 41 16 19 55 35 47 00 16 09 46 42 05 10 12 02 26 16 12 02 06 03 17 23 04 12 45 01 00 34 06 03 00 01 34 15 19 32 07 10 28 32 25 38 21 00 31 17 13 32 02 12 40 12 11 57 38 10 03 32 16 32 06 18 06 00 28 31 31 05 01
