packages/cartolidar/cartolidar-0.0a14-py3-none-any.whl/cartolidar/data/asc/PuenteDuero/348_4600_2017_fcc5m.asc
ncols 200 
nrows 200 
xllcenter 348005.000 
yllcenter 4598005.000 
cellsize 10.000 
nodata_value 255 
[rows 110 to 164 of 200, columns 0 to 95 of 200]
00 00 00 00 00 00 00 00 00 00 00 00 00 00 00 00 00 00 00 00 00 00 00 00 00 00 00 00 00 00 00 00 00 00 00 00 00 00 00 00 00 00 00 00 00 00 00 00 00 00 00 00 00 00 00 00 03 53 48 45 76 26 73 00 00 40 53 03 42 00 00 75 16 00 00 00 00 00 00 12 09 50 71 32 06 28 17 33 44 34 15 25 18 05 23 00
00 00 00 00 00 00 00 00 00 00 00 00 00 00 00 00 00 00 00 00 00 00 00 00 00 00 00 00 00 00 00 00 00 00 00 00 00 00 00 00 00 00 00 00 00 00 00 00 00 00 00 00 00 00 00 00 00 00 05 45 08 00 11 04 21 49 27 07 53 00 00 00 00 00 01 02 00 00 00 01 08 37 62 00 05 32 42 37 26 41 48 11 40 31 00 32
00 04 06 01 00 00 00 00 00 00 00 00 00 00 00 00 00 00 00 00 00 00 00 00 00 00 00 00 00 00 00 00 00 00 00 00 00 00 00 00 00 00 00 00 00 00 00 00 00 00 00 00 00 00 00 00 00 00 00 00 00 01 56 15 45 15 18 75 75 00 03 00 00 00 02 06 00 00 00 00 08 00 02 24 00 20 09 52 62 59 04 28 17 20 01 17
00 00 00 00 01 00 00 00 00 00 00 00 00 00 00 00 00 00 00 00 00 00 00 00 00 00 00 00 00 00 00 00 00 00 00 00 00 00 00 00 00 00 00 00 00 00 00 00 00 00 00 00 00 00 00 00 00 00 00 00 00 00 00 00 80 38 70 07 00 10 95 07 00 00 35 00 00 00 02 01 43 18 00 00 02 60 48 00 10 70 77 70 33 26 00 04
06 02 00 00 00 00 00 00 00 00 00 00 00 00 00 00 00 00 00 00 00 00 00 00 00 00 00 00 00 00 00 00 00 00 00 00 00 00 00 00 00 00 00 00 00 00 00 00 00 00 00 00 00 00 00 00 00 00 00 00 00 00 00 00 00 00 00 00 00 00 06 03 00 00 04 00 00 00 00 19 100 37 00 14 15 00 00 00 00 54 06 13 35 72 44 10
22 47 11 01 00 00 00 00 00 00 00 00 00 00 00 00 00 00 00 00 00 00 00 00 00 00 00 00 00 00 00 00 00 00 00 00 00 00 00 00 00 00 00 00 00 00 00 00 00 00 00 00 00 00 00 00 00 00 00 00 00 00 00 00 00 00 00 00 00 00 00 10 24 64 04 00 00 00 00 00 00 00 02 30 24 14 00 00 00 00 03 02 05 62 24 68
20 54 18 25 11 00 00 00 00 00 00 00 00 00 00 00 00 00 00 00 00 00 00 00 00 00 00 00 00 00 00 00 00 00 00 00 00 00 00 00 00 00 00 00 00 00 00 00 00 00 00 00 00 00 00 00 00 00 00 00 00 00 00 00 00 00 00 00 00 00 00 62 91 94 03 00 00 00 00 00 00 02 00 04 84 57 02 00 00 04 03 00 03 74 25 02
04 71 27 07 06 04 00 00 00 00 00 00 00 00 00 00 00 00 00 00 00 00 00 00 00 00 00 00 00 00 00 00 00 00 00 00 00 00 00 00 00 00 00 00 00 00 00 00 00 00 00 00 00 00 00 00 00 00 00 00 00 00 00 00 00 00 00 00 00 00 00 04 12 00 04 00 00 00 00 00 01 10 11 00 12 08 10 00 00 00 00 00 00 74 54 03
08 04 45 47 25 00 00 01 01 00 00 00 00 00 00 00 00 00 00 00 00 00 00 00 00 00 00 00 00 00 00 00 00 00 00 00 00 00 00 00 00 00 00 00 00 00 00 00 00 00 00 00 00 00 00 00 00 00 00 00 00 00 00 00 00 00 00 00 00 00 00 00 01 00 00 00 00 00 07 00 00 16 15 00 00 00 00 00 29 05 05 22 00 00 00 00
00 21 81 81 16 19 00 00 08 03 00 00 00 00 00 00 00 00 00 00 00 00 00 00 00 00 00 00 00 00 00 00 00 00 00 00 00 00 00 00 00 00 00 00 00 00 00 00 00 00 00 00 00 00 00 00 00 00 00 00 00 00 00 00 00 00 00 00 00 00 00 00 00 05 41 00 00 01 00 45 29 27 23 00 00 00 08 00 00 00 22 86 02 00 00 00
02 18 58 02 04 62 15 05 25 04 01 00 00 00 00 00 00 00 00 00 00 00 00 00 00 00 00 00 00 00 00 00 00 00 00 00 00 00 00 00 00 00 00 00 00 00 00 00 00 00 00 00 00 00 00 00 00 00 00 00 00 00 00 00 00 00 00 00 00 00 00 00 00 40 69 08 05 10 77 82 22 10 59 54 06 00 07 00 00 49 70 00 00 00 00 03
14 33 18 10 19 02 47 42 26 00 02 05 02 02 00 00 00 00 00 00 00 00 00 00 00 00 00 00 00 00 00 00 00 00 00 00 00 00 00 00 00 00 00 00 00 00 00 00 00 00 00 00 00 00 00 00 00 00 00 00 00 00 00 00 00 00 00 00 00 00 00 00 00 50 100 64 55 37 78 50 22 20 95 25 00 00 00 00 20 33 24 00 04 32 03 00
52 01 47 06 29 00 27 83 80 62 56 67 05 00 00 00 00 00 00 00 00 00 00 00 00 00 00 00 00 00 00 00 00 00 00 00 00 00 00 00 00 00 00 00 00 00 00 00 00 00 00 00 00 00 00 00 00 00 00 00 00 00 00 00 00 00 00 00 00 00 00 00 00 00 04 30 98 11 54 15 03 31 70 76 00 00 06 02 95 06 00 00 27 100 28 16
77 59 92 19 80 25 28 30 10 63 70 50 52 44 01 02 03 00 00 00 00 00 00 00 00 00 00 00 00 00 00 00 00 00 00 00 00 00 00 00 00 00 54 31 00 00 00 00 00 00 00 00 00 00 00 00 00 00 00 00 00 00 00 00 00 00 00 00 00 00 00 00 00 00 00 16 98 09 00 00 00 25 47 95 47 68 76 58 96 51 13 12 28 05 77 68
85 72 09 55 60 53 66 32 04 66 88 90 76 83 62 29 36 10 00 00 00 00 00 00 00 00 00 00 00 00 00 00 00 00 00 00 00 00 00 00 00 00 87 41 00 00 00 00 00 00 00 00 00 00 00 00 00 00 00 00 00 00 00 00 00 00 00 00 00 00 00 00 00 00 00 00 05 28 25 37 02 01 42 32 74 83 16 20 72 26 34 05 03 00 00 77
79 79 21 62 88 71 32 16 09 40 43 95 45 18 70 67 03 02 16 03 01 00 00 00 00 00 00 00 00 00 00 00 00 00 00 00 00 00 00 00 00 00 00 00 00 00 00 00 00 00 00 00 00 00 00 00 00 00 00 00 00 00 00 00 00 00 00 00 00 00 00 00 00 00 00 00 00 15 77 10 09 35 01 01 49 25 64 04 44 26 07 08 00 00 00 54
66 80 68 77 61 58 89 63 55 69 12 41 02 42 24 24 00 00 38 32 24 04 03 04 00 01 00 00 00 00 00 00 00 00 00 00 00 00 00 00 00 00 00 00 00 00 00 00 00 00 00 00 00 00 00 00 00 00 00 00 00 00 00 00 00 00 00 00 00 00 00 00 00 00 00 00 00 02 63 30 13 49 12 02 70 58 12 41 14 00 42 67 17 06 65 02
79 62 56 42 70 12 91 50 26 65 56 34 11 14 44 59 86 17 00 46 10 02 23 50 14 00 18 17 17 11 00 02 02 00 00 00 00 00 00 00 00 00 00 00 00 00 00 00 00 00 00 00 00 00 00 00 00 00 00 00 00 00 00 00 00 00 00 00 00 00 00 00 00 00 00 00 00 00 06 31 94 31 55 13 26 25 00 42 16 10 00 03 01 01 25 00
66 44 50 62 43 77 70 66 41 53 39 60 34 27 26 65 11 46 57 16 10 06 00 79 86 30 37 75 29 12 06 36 57 21 28 29 20 10 00 02 03 00 06 00 00 00 00 00 00 00 00 00 00 00 00 00 00 00 00 00 00 00 00 00 00 00 00 00 00 00 00 00 00 00 00 00 00 00 00 27 26 75 08 00 43 20 16 70 50 00 21 61 83 38 17 05
73 79 17 59 66 23 05 77 72 25 02 10 46 29 09 75 65 72 51 54 76 13 20 72 60 66 71 65 63 66 46 26 58 58 64 86 33 59 52 00 00 20 75 20 30 09 00 00 00 00 00 00 00 00 00 00 00 00 00 00 00 00 00 00 00 00 00 00 00 00 00 00 00 00 00 00 00 00 00 00 00 00 00 00 88 22 15 65 37 60 15 22 82 22 03 14
96 64 78 59 73 37 21 84 69 45 32 40 42 42 05 25 36 34 33 19 55 17 66 70 15 08 55 27 50 82 70 29 67 69 44 83 21 31 23 00 44 65 72 53 95 33 50 22 00 00 00 00 00 00 00 00 00 00 00 00 00 00 00 00 00 00 00 00 00 00 00 00 00 00 00 00 00 00 00 00 00 00 00 00 00 00 35 36 05 05 18 00 00 00 00 00
84 52 54 24 21 51 41 54 48 69 36 39 50 48 50 23 47 08 60 25 58 38 44 17 47 60 51 48 27 34 22 54 55 75 69 23 08 37 13 12 62 36 17 19 94 89 70 70 15 00 00 00 00 00 00 00 00 00 00 00 00 00 00 00 00 00 00 00 00 00 00 00 00 00 00 00 00 00 00 00 00 00 00 00 00 00 00 00 00 00 00 00 00 00 00 00
48 26 56 44 33 73 46 65 50 47 85 31 75 85 23 37 20 17 54 71 78 51 38 40 49 46 26 41 41 73 09 49 24 71 81 58 52 12 05 03 06 00 02 00 00 43 100 94 17 18 10 16 29 09 00 00 00 00 00 00 00 00 00 00 00 00 00 00 00 00 00 00 00 00 00 00 00 00 00 00 00 00 00 00 00 00 00 00 00 00 00 00 00 00 00 00
86 28 89 41 58 77 35 26 51 32 04 40 73 37 57 49 67 36 12 48 61 40 48 51 41 64 03 34 66 40 47 22 75 33 44 75 90 68 42 10 51 65 39 53 36 10 00 03 00 16 16 26 00 11 00 00 00 00 00 00 00 00 00 00 00 00 00 00 00 00 00 00 00 00 00 00 00 00 00 00 00 00 00 00 00 00 00 00 00 00 00 00 00 00 00 00
56 60 18 04 27 66 50 05 00 42 37 31 19 46 66 72 39 28 46 40 58 47 39 72 71 43 68 46 26 41 44 48 74 27 19 43 83 30 56 45 51 58 43 27 71 24 00 66 00 00 32 08 15 20 01 00 00 00 00 00 00 00 00 00 00 00 00 00 00 00 00 00 00 00 00 00 00 00 00 00 00 00 00 00 00 00 00 00 00 00 00 00 00 00 00 00
05 61 70 34 53 22 36 35 17 28 57 21 24 28 49 51 22 36 17 43 02 40 18 38 30 37 33 40 52 32 60 40 38 01 20 33 04 61 31 38 44 03 30 15 17 75 25 28 02 15 00 20 26 72 03 07 00 01 00 09 00 00 00 00 00 00 00 00 00 00 00 00 00 00 00 00 00 00 00 00 00 00 00 00 00 00 00 00 00 00 00 00 00 00 00 00
23 58 40 53 44 34 63 01 40 42 72 68 37 31 48 38 25 39 54 51 61 45 45 58 53 49 56 31 25 23 47 40 36 15 39 20 22 13 10 38 00 04 29 39 41 28 09 95 46 00 00 00 00 41 11 00 19 12 00 00 03 00 00 00 00 00 00 00 00 00 00 00 00 00 00 00 00 00 00 00 00 00 00 00 00 00 00 00 00 00 00 00 00 00 00 00
44 73 58 50 48 67 13 06 38 57 49 54 54 48 43 50 39 42 37 61 09 52 57 49 33 25 31 38 30 45 56 05 36 29 41 52 52 51 35 53 00 30 37 38 32 45 02 83 93 07 00 00 00 00 28 66 50 76 06 01 00 00 04 01 03 00 00 00 00 00 00 00 00 00 00 00 00 00 00 00 00 00 00 00 00 00 00 00 00 00 00 00 00 00 00 00
29 51 81 72 66 13 21 37 57 57 50 60 30 20 48 45 28 21 89 39 50 51 56 44 52 47 53 44 51 38 55 31 29 30 15 57 50 06 35 29 45 33 20 14 46 57 17 33 73 25 73 32 00 01 00 00 00 06 32 16 36 01 01 01 02 00 01 00 00 00 00 00 00 00 00 00 00 00 00 00 00 00 00 00 00 00 00 00 00 00 00 00 00 00 00 00
64 70 61 67 73 36 60 24 32 25 79 16 37 57 17 11 15 14 63 35 32 43 45 14 82 24 30 33 27 69 12 05 00 36 56 23 34 32 22 23 26 24 18 39 14 00 25 06 92 48 82 01 00 13 29 12 00 00 00 00 00 02 00 00 07 03 02 00 00 09 00 00 02 11 40 00 00 00 00 00 00 00 00 00 00 00 00 00 00 00 00 00 00 00 00 00
77 80 56 57 80 52 21 50 40 29 10 05 47 54 49 23 30 63 33 43 54 57 73 74 29 38 68 26 59 06 26 44 17 28 09 15 05 45 40 00 29 31 04 53 34 25 22 02 74 89 60 15 17 42 91 43 38 04 00 00 00 04 49 19 02 12 00 01 00 03 26 34 27 66 96 19 47 48 54 00 00 00 00 00 00 00 00 00 00 00 00 00 00 00 00 00
69 88 76 80 35 40 53 62 61 66 56 44 49 21 67 64 20 66 62 30 61 35 21 36 43 76 76 27 19 15 43 35 20 27 00 37 16 00 34 30 17 26 05 34 50 77 66 31 29 32 13 00 60 09 04 75 00 13 04 09 00 00 00 25 41 46 00 00 01 15 87 30 30 16 42 72 69 56 92 29 09 55 66 40 12 36 35 18 00 00 00 03 20 00 00 00
57 17 64 60 07 31 09 52 80 31 52 54 34 49 43 49 75 45 49 26 73 32 59 38 58 31 35 43 32 43 42 83 28 58 08 11 23 59 40 52 40 02 34 23 20 31 52 93 25 56 14 00 03 01 00 00 04 00 21 37 36 00 00 02 37 23 49 36 00 74 93 56 50 05 20 85 05 00 14 80 76 100 100 73 33 98 96 68 25 07 54 27 91 28 52 56
47 46 67 35 06 00 62 10 71 50 69 36 58 40 10 55 29 18 78 58 47 42 75 51 26 78 26 64 10 33 06 72 14 36 36 38 67 32 27 27 35 50 34 72 63 05 02 68 44 74 14 50 31 04 00 44 71 26 42 35 03 24 03 00 01 09 40 15 00 03 84 85 52 80 75 49 21 13 46 27 23 08 18 51 74 96 86 100 68 36 100 86 87 76 95 65
85 51 70 18 25 51 16 38 29 48 75 30 84 58 32 55 54 38 50 29 32 60 41 58 28 10 17 52 40 41 19 28 24 60 70 35 11 46 59 75 30 30 82 00 39 21 04 16 76 52 52 00 36 00 00 22 16 78 59 79 41 78 34 38 43 02 00 02 03 26 04 19 50 42 19 94 62 19 80 20 28 59 48 00 16 22 23 11 89 42 25 78 86 56 81 60
86 72 40 50 38 76 39 41 02 56 74 38 79 62 75 57 63 68 29 57 66 21 76 68 24 51 04 46 08 18 36 18 48 15 19 06 47 03 00 16 14 34 59 27 40 23 45 65 97 33 53 32 42 17 04 00 17 35 06 02 25 11 56 50 93 71 38 54 00 00 70 61 60 19 25 33 61 24 81 73 86 86 67 27 58 26 13 06 87 32 69 71 50 17 50 80
74 63 52 65 32 27 15 66 29 31 58 39 76 26 52 41 30 16 20 55 15 71 61 86 32 52 33 76 42 52 85 31 21 53 21 61 73 74 00 19 19 57 82 91 97 23 06 51 58 47 69 09 26 03 58 58 25 59 61 25 68 10 39 15 07 65 73 36 00 28 62 48 30 29 22 56 33 15 02 11 19 20 42 73 41 17 18 10 36 59 56 73 00 00 00 43
38 47 64 15 47 34 94 29 30 69 58 70 22 01 48 35 03 30 11 77 64 35 43 00 50 46 05 37 76 69 47 38 07 71 68 00 00 43 39 31 58 26 43 28 42 33 61 72 48 57 12 72 00 03 73 04 72 04 07 86 04 25 52 18 53 36 14 56 18 17 46 79 32 27 01 96 28 42 38 68 15 74 27 30 68 16 41 45 14 94 70 61 24 00 33 55
35 30 13 30 35 38 25 23 30 20 71 45 05 86 56 11 59 30 33 55 06 00 77 61 15 24 74 00 43 63 02 40 20 70 30 75 72 23 50 37 72 39 53 93 60 12 44 84 14 03 04 90 40 24 44 00 33 75 09 24 33 65 35 00 50 42 52 50 96 26 39 70 87 00 10 81 33 47 00 19 50 51 17 14 66 31 36 67 92 93 92 82 51 77 15 44
67 70 28 48 56 76 00 01 60 42 37 36 85 29 43 17 49 49 44 28 31 04 58 66 61 02 50 51 12 61 00 02 69 16 54 31 39 21 69 42 19 38 60 54 68 58 14 63 34 25 00 83 61 39 19 55 49 51 61 22 43 18 48 67 29 70 20 22 45 01 43 49 67 05 63 31 40 34 36 10 45 33 38 80 64 24 62 19 34 75 22 45 41 70 54 01
32 32 60 55 28 69 07 04 07 49 12 82 55 23 41 65 51 50 41 37 36 00 26 31 38 65 79 06 61 76 37 17 71 09 39 37 49 00 05 01 00 00 44 05 03 14 92 05 11 82 33 73 17 36 37 45 00 52 13 04 14 57 61 32 30 16 09 00 65 62 47 37 21 54 27 23 81 29 59 11 22 38 39 19 44 59 46 32 16 15 73 65 50 05 36 05
00 00 16 57 54 64 62 52 11 79 22 52 18 01 05 66 23 52 77 68 49 26 34 32 53 67 11 00 78 77 47 77 33 89 33 32 75 85 43 51 08 14 40 00 02 00 29 87 71 60 12 23 55 34 11 22 51 28 18 00 10 41 18 97 47 43 01 00 67 07 43 87 77 26 44 79 78 28 40 08 00 00 65 26 60 62 06 57 24 41 34 53 75 06 53 76
00 00 00 80 26 34 67 48 45 55 58 80 27 60 27 36 10 19 87 36 32 47 18 31 65 44 00 00 92 79 88 62 75 36 97 26 24 86 39 56 78 58 84 92 94 51 17 37 29 01 35 63 40 19 13 67 24 87 32 00 37 37 02 91 34 20 89 59 03 00 31 48 31 04 30 63 40 69 36 40 40 56 22 57 19 60 50 50 05 45 32 33 22 40 73 60
00 00 00 02 00 03 14 38 40 19 41 34 31 52 22 79 00 46 38 42 11 20 50 04 78 50 00 00 100 34 87 46 63 57 82 63 66 78 50 68 75 35 37 36 67 16 44 46 100 06 04 48 01 48 00 43 58 48 02 53 55 72 08 68 58 39 30 16 14 90 83 18 50 35 02 08 98 40 20 32 34 52 43 32 33 01 09 35 14 43 48 42 00 55 53 25
00 00 00 00 00 00 00 00 00 11 94 86 68 63 91 67 45 80 22 42 66 28 54 24 41 27 00 00 90 10 72 41 84 20 47 93 50 26 63 98 65 69 35 00 04 04 28 98 53 08 45 00 01 100 03 12 63 06 80 54 30 60 10 88 26 10 00 36 49 37 34 84 56 01 59 37 76 12 19 67 18 60 67 61 00 28 50 61 56 36 13 34 77 32 38 67
00 00 00 00 00 00 00 00 00 37 70 38 55 53 55 23 33 57 89 27 12 18 22 50 01 04 52 42 74 60 60 27 37 73 00 79 55 75 70 69 31 98 64 48 46 00 20 62 19 75 23 00 29 56 17 45 32 01 22 00 77 22 56 54 64 28 18 20 09 16 13 26 43 79 10 21 36 44 40 20 09 23 53 20 25 09 33 49 48 36 43 61 18 54 76 28
00 00 00 00 00 00 00 10 12 73 50 36 74 75 51 68 09 22 57 12 27 30 67 80 08 24 62 83 54 48 68 57 58 68 88 69 65 93 29 59 64 56 33 64 10 10 00 24 37 54 63 13 48 50 11 71 00 00 01 22 56 06 67 29 34 00 84 01 19 68 60 00 10 43 26 59 34 67 25 40 03 04 50 61 10 13 64 15 37 55 53 65 48 25 44 33
00 00 00 00 00 00 00 31 67 75 19 38 25 59 52 50 63 75 55 58 60 31 46 31 09 34 53 75 98 57 42 95 56 74 86 23 53 65 02 24 73 11 87 15 03 33 98 08 31 28 02 61 32 64 44 35 19 65 11 36 04 40 28 41 50 13 50 70 79 39 04 51 00 04 58 29 00 43 65 63 44 37 04 81 28 63 25 13 37 37 42 70 39 33 14 44
00 00 00 00 00 00 00 00 58 32 16 61 51 30 27 03 69 69 35 54 88 50 40 18 62 36 32 60 74 13 00 58 29 32 33 56 66 50 100 70 63 05 27 50 67 75 27 09 32 11 01 78 10 13 20 39 12 62 12 00 00 72 03 55 50 56 28 56 38 41 01 14 10 19 72 06 67 22 65 09 32 05 28 71 32 53 69 10 07 42 46 58 03 30 23 50
00 00 00 00 00 00 07 50 62 30 31 48 14 00 52 34 30 01 20 02 43 08 24 63 71 67 79 20 23 33 00 90 62 73 14 80 21 69 61 62 04 96 43 06 10 52 27 56 07 31 35 35 47 48 09 44 03 68 08 46 59 66 02 23 82 27 53 46 67 35 20 15 32 08 43 21 84 35 32 60 40 06 00 15 61 57 57 28 62 51 02 14 47 26 38 50
00 00 03 49 35 55 70 55 40 23 77 06 20 05 05 22 50 31 75 49 34 01 48 41 55 21 44 32 14 84 44 34 73 37 81 57 80 36 35 49 08 54 05 27 00 16 64 35 01 00 25 24 63 45 11 14 24 62 82 48 60 41 94 41 42 83 25 39 41 26 50 56 47 14 65 15 50 10 76 49 24 00 29 09 39 34 57 32 29 59 32 18 05 04 38 88
27 72 70 44 48 60 40 61 00 16 17 00 60 38 34 43 63 55 53 04 08 02 52 64 58 03 11 38 25 39 75 51 54 52 73 84 62 64 83 22 00 08 14 00 100 67 58 31 00 15 74 72 12 27 51 44 10 30 80 30 38 34 26 05 03 23 02 32 27 36 01 14 31 16 44 22 46 00 40 26 27 75 25 23 58 42 44 16 50 42 46 53 61 10 00 39
02 75 52 71 18 51 37 70 69 56 79 27 30 14 19 26 00 09 51 68 27 53 59 20 27 27 32 12 00 00 95 59 95 13 25 35 64 32 71 76 47 32 25 56 50 69 59 34 01 69 57 04 07 66 47 54 03 89 43 04 49 56 02 62 72 37 35 68 28 73 01 52 50 01 61 20 65 75 12 28 55 67 29 42 65 34 87 21 56 40 41 38 61 22 01 65
48 22 10 39 25 06 71 67 60 41 35 11 49 00 04 00 00 59 31 82 15 53 45 08 46 05 87 94 39 04 72 29 30 29 32 03 74 34 85 71 00 48 63 56 76 76 39 60 39 13 11 47 81 48 05 04 43 35 09 25 51 48 54 63 30 55 56 57 45 88 00 15 17 02 84 20 81 60 38 48 45 43 26 31 64 08 32 27 47 52 66 40 47 48 53 47
05 47 91 08 22 13 60 15 20 37 42 69 33 40 20 14 00 92 22 55 31 77 60 18 00 10 37 51 00 20 53 06 41 51 49 33 56 97 100 69 00 02 15 53 44 34 30 35 16 78 08 27 63 39 25 00 00 00 57 26 28 57 46 70 40 46 50 34 36 29 84 26 68 00 40 38 54 34 25 21 71 10 51 47 56 77 50 10 66 45 45 65 45 53 17 69
