packages/cartolidar/cartolidar-0.0a14-py3-none-any.whl/cartolidar/data/asc/PuenteDuero/348_4602_2017_fcc5m.asc
ncols 200 
nrows 200 
xllcenter 348005.000 
yllcenter 4600005.000 
cellsize 10.000 
nodata_value 255 
[rows 110 to 164 of 200, columns 0 to 95 of 200]
43 36 47 80 17 80 47 43 14 13 00 43 31 66 74 79 20 59 13 31 47 81 36 46 54 90 18 44 33 40 43 75 87 38 72 29 18 38 52 53 63 73 79 58 57 14 60 66 60 20 06 62 50 96 62 83 14 15 30 14 48 11 53 81 91 32 11 50 29 17 85 31 23 61 54 58 20 35 13 38 51 77 36 12 48 02 15 87 07 00 74 40 38 06 57 38
12 12 25 41 03 39 23 44 52 42 21 07 77 34 21 32 03 73 03 26 35 75 89 69 84 08 49 77 73 23 78 45 77 58 39 75 80 67 61 28 29 24 58 59 72 07 43 75 88 15 00 08 48 15 34 28 66 04 00 15 39 26 30 28 02 90 50 00 04 19 34 41 01 05 70 89 28 35 24 42 60 35 15 03 16 33 54 08 46 17 47 41 42 26 33 55
42 53 69 32 11 57 29 50 12 39 29 00 52 24 47 43 15 44 22 87 33 01 08 48 18 23 35 04 58 58 15 14 28 37 54 40 29 59 23 12 27 78 18 53 64 33 36 17 11 00 00 45 30 30 50 52 66 00 31 28 33 00 01 71 25 00 00 15 42 70 50 21 38 29 30 07 44 54 53 26 25 45 57 61 61 07 06 59 50 09 40 49 41 14 51 56
31 11 93 47 38 13 05 55 35 74 25 00 14 30 68 10 62 18 56 20 00 11 00 08 12 50 67 52 92 08 25 76 36 70 63 50 49 57 66 41 51 37 39 03 04 75 91 60 00 01 15 73 61 64 20 88 54 04 00 34 10 00 11 45 39 04 03 06 56 19 58 58 58 48 23 26 35 39 02 45 22 81 48 35 26 10 00 00 00 11 54 27 66 20 73 33
25 37 62 31 24 18 62 56 44 01 23 00 43 58 05 47 38 06 06 42 03 22 15 47 68 58 43 69 86 66 31 32 56 29 51 23 29 10 67 49 24 15 64 60 46 93 30 19 00 19 02 58 51 41 13 49 38 68 76 71 42 70 00 45 51 31 29 64 12 07 10 25 10 12 12 52 21 06 16 72 75 58 08 08 62 67 32 00 07 09 56 28 43 00 00 00
69 54 47 42 83 11 46 20 35 34 83 02 02 81 43 03 08 00 28 76 95 50 55 98 70 84 62 50 54 39 70 19 22 35 56 85 03 19 79 66 57 95 46 71 14 14 53 45 45 31 35 33 62 75 55 53 33 55 59 61 59 43 00 00 22 52 19 72 27 16 11 02 05 01 25 38 66 36 56 28 63 34 04 22 20 25 23 00 98 56 20 70 84 12 92 64
80 29 55 11 41 00 05 00 53 69 74 01 00 49 31 00 00 00 46 45 31 10 41 69 78 46 28 80 49 34 63 01 28 83 44 86 34 54 59 81 23 85 22 71 14 33 00 50 42 26 53 25 43 50 65 65 80 72 62 60 86 44 57 50 11 20 16 07 53 23 10 09 00 00 23 26 33 47 39 35 38 47 61 42 00 13 74 00 62 20 00 16 32 43 53 38
39 45 00 26 74 61 11 71 61 64 52 40 00 18 04 86 19 00 34 79 16 18 15 86 82 72 67 59 43 39 83 75 72 57 80 52 48 85 39 58 18 34 00 70 28 00 66 33 70 00 11 23 36 34 79 56 45 60 73 83 41 01 00 00 27 55 18 19 30 34 45 20 41 30 00 33 09 24 62 44 07 54 74 35 63 50 86 50 100 25 28 00 10 11 75 07
03 48 34 56 13 60 57 59 58 40 64 51 02 01 23 50 26 29 70 36 61 22 18 76 41 58 90 43 45 96 86 20 47 06 53 42 56 63 58 53 01 00 00 12 13 44 42 27 95 19 00 00 100 00 93 90 05 64 57 53 23 24 26 03 20 41 57 24 17 48 17 52 39 57 34 57 23 35 71 25 29 25 44 42 30 17 59 01 82 13 59 38 66 53 27 44
91 45 77 57 40 24 56 46 20 74 93 01 00 21 16 01 26 29 61 80 47 78 60 26 85 69 65 45 25 81 06 48 37 78 16 58 38 45 63 24 02 00 00 01 11 36 29 30 42 34 65 36 79 83 54 78 41 18 13 01 23 66 12 82 14 12 28 56 22 88 28 27 07 41 61 23 59 30 26 44 23 48 07 43 41 27 48 06 77 73 61 28 61 62 54 38
47 51 15 36 37 65 51 65 05 53 43 50 89 00 00 00 21 51 28 93 49 22 17 87 53 38 24 59 59 62 26 53 89 68 75 36 66 27 24 15 59 23 33 29 47 28 77 00 28 54 84 32 87 50 86 80 44 60 57 64 11 10 21 21 74 43 26 40 08 44 21 27 05 46 06 80 06 26 30 53 34 21 32 34 14 21 08 00 64 67 39 58 52 40 72 35
23 23 72 23 00 12 23 14 10 30 28 32 19 00 01 00 07 00 07 83 56 53 84 82 11 46 18 93 74 65 78 40 84 61 88 04 58 22 01 65 18 15 63 22 11 20 84 02 23 02 45 00 82 85 56 67 29 18 65 63 68 28 21 15 15 27 18 42 19 32 53 48 33 60 42 57 57 17 26 07 15 08 65 42 28 24 31 16 37 81 00 32 54 70 72 75
43 53 46 09 01 04 01 20 10 25 62 25 00 00 40 54 78 57 19 89 31 59 57 71 23 31 98 46 64 72 75 52 57 37 43 05 14 15 00 06 33 27 55 11 61 63 34 21 96 10 16 50 89 58 40 00 52 57 61 61 27 27 91 52 28 35 46 32 30 16 32 95 69 29 55 25 36 14 30 50 06 07 13 14 26 27 44 18 26 86 58 48 60 25 61 54
34 61 49 44 30 16 26 16 07 22 00 00 00 00 21 61 12 25 76 47 91 54 72 62 65 69 85 83 85 69 62 69 18 25 52 65 66 64 30 00 18 08 70 00 93 00 46 34 68 11 09 21 61 46 14 42 50 67 18 70 06 51 55 09 82 30 37 40 50 48 29 87 39 06 14 49 21 19 25 18 62 25 13 43 23 25 08 90 02 77 61 86 58 70 34 62
03 05 23 18 28 21 18 36 08 11 00 18 21 00 32 89 69 38 57 24 71 52 40 34 75 62 12 61 83 56 73 31 17 10 26 47 43 40 22 44 03 02 28 00 21 54 34 43 50 94 46 41 62 55 51 08 72 74 63 54 21 40 28 21 41 06 74 49 61 29 15 39 51 43 55 31 58 10 20 00 02 02 42 67 65 23 04 89 12 62 63 29 22 49 49 75
32 70 42 61 18 07 15 23 18 01 19 35 62 38 23 45 32 24 32 21 72 100 75 59 53 61 89 38 64 32 44 43 21 29 81 02 00 12 10 17 34 04 00 16 18 14 72 31 29 25 38 22 37 19 93 25 97 78 46 34 38 20 05 80 30 57 65 13 29 58 40 26 63 12 55 53 27 27 40 00 00 00 00 36 28 11 00 17 73 52 98 70 61 19 14 36
26 09 61 48 48 00 02 09 40 48 01 44 30 11 00 00 73 78 30 45 62 53 28 87 45 29 70 00 01 36 10 08 01 16 57 40 18 11 12 02 00 12 02 75 03 77 00 64 78 20 00 26 50 44 84 50 84 49 63 08 27 45 58 82 33 56 42 85 09 24 18 50 00 22 20 16 14 13 80 02 24 85 01 07 21 00 00 01 14 31 82 19 16 29 33 00
18 00 42 21 00 29 52 32 61 41 17 48 38 00 00 49 80 64 78 52 28 63 59 54 13 22 07 58 37 00 00 31 19 82 37 31 10 03 11 40 20 24 28 26 41 37 10 29 44 41 65 22 88 32 39 53 20 31 75 18 18 06 45 74 05 24 46 44 54 44 62 22 04 40 00 00 00 02 10 08 78 17 19 82 51 97 89 93 27 27 84 13 78 39 60 22
37 00 04 44 71 21 18 40 37 41 01 15 40 00 00 17 98 62 54 28 34 15 38 54 05 55 12 32 31 18 12 17 00 17 57 10 11 23 37 61 34 28 21 08 28 10 34 93 27 09 42 03 24 74 90 15 28 54 67 11 81 53 27 20 76 90 65 35 07 00 33 05 00 44 01 61 54 48 03 10 50 54 48 14 05 75 47 42 26 00 19 08 57 25 88 47
41 05 25 26 09 72 00 63 32 00 04 78 32 75 00 43 54 92 72 64 65 42 87 25 74 40 37 19 41 09 20 88 36 14 35 29 79 23 28 67 23 03 31 67 02 40 00 31 42 00 17 07 40 82 77 93 11 68 79 62 34 30 03 00 32 83 11 31 11 21 06 44 34 62 32 66 23 69 71 09 02 39 70 01 00 46 61 00 00 28 30 72 45 28 70 18
42 08 07 37 05 37 01 33 35 31 27 70 40 65 00 00 89 84 47 23 51 19 49 59 83 37 08 16 77 10 11 21 54 06 57 05 60 08 11 18 44 17 25 52 23 29 10 36 20 00 39 18 46 26 23 74 39 43 36 20 18 72 73 00 02 45 19 100 67 95 79 63 31 39 18 32 06 05 91 100 08 07 73 55 08 00 39 36 11 41 24 23 16 56 62 54
12 23 45 27 09 57 66 07 21 01 34 00 05 57 80 00 64 49 54 16 43 22 16 30 80 40 12 64 08 02 56 20 63 00 03 05 09 24 40 22 16 29 04 22 19 05 08 42 00 00 00 22 20 16 41 77 50 36 00 37 18 01 53 09 01 00 55 85 45 86 72 25 60 40 64 45 48 26 41 71 42 07 79 01 37 44 54 51 60 52 51 27 15 78 35 94
45 41 38 03 31 42 23 00 16 06 15 00 00 29 55 00 14 80 07 33 10 17 37 88 37 16 00 50 11 13 00 43 29 16 02 47 37 31 38 34 31 20 00 21 25 14 38 20 50 26 43 10 55 100 43 71 57 07 00 66 00 00 19 67 57 32 52 61 33 38 19 21 77 73 75 98 68 88 14 22 01 50 58 75 11 25 73 72 80 81 15 87 60 58 09 61
10 65 46 17 30 10 36 01 24 20 16 18 16 25 90 00 02 06 05 14 26 10 07 47 00 00 01 29 06 80 09 54 16 34 54 67 41 30 38 60 08 27 04 05 48 66 21 18 10 15 51 51 00 71 53 52 69 85 32 02 00 01 31 06 40 22 59 81 34 03 04 17 36 35 14 13 04 84 89 30 79 19 51 61 60 62 62 69 31 30 33 29 73 30 32 71
09 50 23 00 62 10 78 38 34 92 53 73 30 21 25 00 06 17 00 00 34 23 07 27 03 13 29 37 19 61 30 20 20 38 81 08 13 42 24 20 17 28 96 38 53 18 18 56 24 07 15 57 72 27 35 08 46 50 01 01 20 48 11 34 48 33 87 27 38 12 45 22 37 13 58 13 11 86 71 58 50 34 19 80 16 20 22 22 52 27 22 35 41 43 49 17
00 18 11 00 49 32 15 61 09 48 34 66 89 63 49 02 00 00 02 26 16 11 00 21 27 61 17 36 31 70 85 48 16 10 22 31 07 77 34 01 27 13 31 73 48 05 53 18 16 59 34 40 75 11 04 20 21 74 82 57 02 74 52 72 22 52 47 72 86 16 36 97 80 47 96 02 09 50 40 11 21 23 70 63 18 19 40 41 20 43 40 25 12 14 86 02
18 24 54 59 12 16 02 19 26 29 63 12 31 00 80 62 01 05 23 03 00 24 20 21 32 44 02 03 49 43 59 36 39 02 00 40 18 40 22 19 15 00 39 17 21 04 17 00 02 02 80 31 97 42 21 67 45 65 51 52 77 89 34 21 09 39 48 08 66 43 39 30 49 05 40 50 68 58 29 01 04 51 10 65 58 00 78 59 14 77 53 83 39 22 17 00
15 21 17 07 14 18 00 01 47 16 65 30 74 09 10 30 04 11 65 53 03 09 19 22 43 55 05 20 01 46 28 19 06 32 30 36 05 08 50 36 31 23 34 07 64 15 63 87 26 11 48 47 22 03 13 00 88 96 19 00 06 46 40 00 40 65 39 52 15 79 66 10 57 75 71 55 80 53 24 07 00 01 02 19 41 54 60 64 96 14 13 15 50 45 03 00
22 26 64 01 43 66 17 62 15 24 77 28 12 67 82 00 00 00 63 52 23 00 19 32 30 20 02 21 01 01 06 10 01 00 22 23 26 40 03 60 27 00 08 19 31 06 02 43 00 00 02 41 50 26 30 82 70 55 10 43 65 23 50 46 82 48 41 53 77 34 54 55 35 72 46 54 57 37 50 25 16 13 32 65 27 82 24 10 76 00 10 07 55 13 41 00
00 47 30 22 68 27 07 13 51 41 35 05 00 15 03 00 00 03 30 00 00 12 01 36 01 01 24 27 06 00 59 32 12 65 13 16 11 10 01 25 66 05 06 19 32 15 16 00 00 02 24 18 25 26 50 29 32 06 17 20 05 19 36 15 04 00 00 06 35 19 36 09 97 24 43 29 22 18 40 22 82 57 80 24 30 57 00 60 00 60 91 46 22 72 48 10
15 05 20 44 38 28 16 07 28 02 26 23 00 57 31 91 11 00 21 16 56 82 30 13 37 00 00 00 00 48 61 02 00 10 00 29 09 17 00 04 10 00 24 35 27 00 00 10 12 03 32 67 12 51 74 60 53 82 00 00 38 06 14 07 77 22 00 07 00 00 00 02 14 12 75 67 85 56 50 05 60 51 31 02 47 71 50 24 24 51 57 01 07 30 57 54
40 36 22 08 40 40 11 09 38 01 06 07 00 45 63 73 43 00 41 46 42 43 05 43 22 02 00 80 22 72 18 24 04 00 00 00 18 15 14 14 14 16 08 11 64 05 13 05 10 00 00 38 35 54 30 54 21 89 22 19 03 56 07 20 60 15 00 47 47 00 16 08 48 66 88 27 11 33 18 62 61 68 18 88 98 67 57 33 01 24 30 82 02 71 54 40
42 35 27 50 13 25 48 00 69 30 47 11 18 12 93 22 32 00 00 49 80 36 51 36 11 44 10 25 14 10 27 17 19 01 45 51 27 30 38 35 21 00 13 50 02 21 44 48 22 00 40 67 81 40 95 55 65 60 52 74 55 56 13 28 38 90 56 93 63 44 92 51 64 73 30 06 16 52 22 26 68 18 35 05 12 03 17 66 69 84 61 76 38 76 22 80
23 46 83 24 00 13 16 61 81 04 57 100 12 25 85 80 68 13 00 01 46 42 69 35 23 03 00 03 27 00 00 31 13 14 03 30 21 30 28 21 41 33 07 28 50 25 54 08 16 00 42 48 22 41 70 37 67 28 65 27 00 04 00 71 25 22 75 57 23 11 64 46 55 45 68 42 72 64 21 65 22 70 55 05 31 25 14 75 69 82 23 20 05 55 48 58
03 48 38 00 00 28 00 00 77 70 48 50 17 00 39 15 65 03 00 19 47 00 14 00 19 02 49 00 00 00 59 46 49 66 00 04 00 10 10 01 23 03 21 08 65 00 11 24 00 04 01 03 00 78 96 44 37 36 31 74 00 58 00 51 18 36 38 20 32 49 40 00 37 31 11 34 13 54 12 52 61 37 32 68 78 57 38 46 43 50 23 53 16 20 50 22
48 00 00 00 32 87 03 07 62 50 08 00 33 01 00 04 89 62 04 00 55 00 00 00 16 15 00 21 08 00 46 45 02 09 66 46 09 20 41 17 26 28 27 00 21 59 48 45 02 15 30 02 02 30 70 54 95 96 51 88 64 11 33 32 81 79 89 32 06 24 27 05 18 66 65 24 50 68 37 62 46 17 52 42 48 43 25 40 51 26 52 48 48 00 22 84
36 00 00 44 83 30 27 69 24 05 70 87 21 73 00 32 41 44 07 00 06 17 00 00 35 21 00 30 36 38 10 31 04 09 25 16 51 57 38 27 68 00 48 44 52 14 00 00 15 45 52 40 36 50 86 94 82 73 09 67 16 00 50 86 78 10 54 88 51 49 18 00 52 10 54 68 42 57 28 37 45 48 64 18 17 52 26 60 30 20 49 38 43 04 96 54
00 00 29 55 92 53 19 61 16 00 44 14 03 31 46 87 22 00 00 28 81 17 66 06 08 35 19 00 00 16 03 01 00 48 35 05 36 20 26 04 37 03 34 00 07 20 02 64 17 70 10 17 82 48 73 44 19 46 23 38 36 65 37 28 56 63 45 44 17 74 23 10 10 53 62 48 54 37 86 77 13 70 54 66 66 50 58 34 55 36 29 62 41 15 53 31
73 32 64 52 24 13 00 06 16 28 06 74 63 12 05 86 14 00 00 00 53 26 72 36 17 57 03 23 00 18 17 18 09 09 80 08 20 05 23 38 00 26 00 00 06 05 09 10 09 09 56 38 67 03 65 03 07 05 41 38 71 55 77 25 40 29 00 20 42 00 21 82 58 33 20 52 18 43 21 09 16 28 44 34 25 26 14 33 57 60 37 70 55 18 80 06
06 57 30 54 23 00 01 12 41 35 15 48 25 38 27 66 97 01 00 00 31 12 03 47 00 00 00 37 23 20 41 33 40 30 04 42 69 14 00 22 00 38 67 09 00 00 31 51 54 72 03 43 08 00 62 93 97 92 40 41 44 24 35 93 75 68 54 78 30 05 38 39 50 61 42 18 60 16 55 17 85 68 31 56 75 21 27 43 60 21 33 24 23 16 43 14
04 29 37 29 40 11 41 32 03 20 41 22 22 20 51 18 25 00 58 00 84 43 00 26 70 53 25 45 16 34 61 11 52 23 23 52 05 01 00 04 35 09 45 30 00 57 45 38 15 62 39 46 33 70 42 80 65 77 25 54 85 05 48 32 62 61 25 34 00 31 50 30 55 67 74 50 25 58 39 63 18 50 30 45 56 42 38 33 35 20 29 33 50 51 24 77
10 61 39 23 88 09 29 55 62 43 12 11 26 14 06 21 44 42 20 00 29 24 53 40 25 52 28 00 20 06 36 56 08 24 14 51 94 00 02 12 05 00 28 34 33 30 02 16 23 02 43 32 25 26 38 40 76 56 16 56 47 17 32 18 93 42 60 21 67 61 57 59 10 10 65 35 77 66 42 52 54 55 34 35 57 57 44 36 23 48 18 27 13 27 13 27
00 00 09 44 05 01 15 26 42 68 51 37 33 05 06 35 16 21 25 00 00 70 18 03 31 39 56 21 21 51 28 25 21 33 22 20 30 19 37 30 50 50 36 43 19 15 09 26 44 53 81 20 54 13 31 57 81 20 48 27 41 66 63 79 21 70 61 78 45 86 20 47 15 28 30 42 39 36 42 31 41 55 31 72 05 54 25 51 46 37 25 20 10 28 19 68
16 06 68 41 35 23 14 46 41 06 20 33 63 02 55 05 49 26 56 06 00 27 67 35 25 02 14 30 33 00 06 18 03 64 53 36 12 35 41 16 44 15 29 01 04 27 40 16 38 45 43 39 40 02 60 26 07 62 69 15 54 71 36 10 00 57 38 10 61 15 14 41 43 22 80 08 25 31 11 47 34 30 58 44 26 42 37 45 48 40 31 40 28 82 06 48
00 05 54 01 50 04 28 23 10 62 30 31 36 24 31 00 27 59 14 17 00 46 50 00 33 08 43 38 22 07 01 20 00 34 26 57 48 47 34 07 25 17 19 17 23 53 17 15 38 00 47 07 66 15 11 37 46 97 68 44 42 42 38 82 39 19 45 85 59 18 64 76 44 61 50 49 57 41 46 53 36 22 59 26 24 26 44 41 30 13 30 13 40 76 37 23
09 05 56 13 25 01 27 21 14 62 56 57 51 16 14 07 07 90 08 00 02 55 51 41 23 17 22 27 00 48 60 35 61 55 18 45 14 41 13 11 08 10 32 11 14 53 71 24 41 44 26 23 36 08 27 41 34 80 36 44 29 27 76 29 34 50 67 44 18 66 53 40 33 63 49 29 51 29 40 19 54 37 64 35 07 45 28 32 44 35 42 74 38 61 51 29
73 00 60 30 46 00 47 28 00 76 24 21 30 12 32 63 10 39 13 24 05 00 19 10 01 56 29 05 09 32 16 11 09 02 01 16 56 05 14 40 20 75 38 09 44 22 47 27 21 00 38 63 08 33 07 56 35 95 76 62 30 15 45 00 09 45 65 69 28 79 27 78 57 48 28 21 35 76 13 52 43 22 32 21 11 68 53 24 46 85 24 38 43 16 02 69
50 24 19 25 00 12 74 38 32 18 02 52 30 23 38 31 04 38 28 64 09 00 26 00 00 49 42 09 26 24 06 23 00 25 75 30 68 02 26 16 00 77 00 29 44 00 77 04 45 44 39 15 78 25 21 47 57 85 38 54 43 06 02 00 00 65 33 01 45 16 08 44 57 10 14 22 49 15 08 38 30 07 16 71 24 47 33 30 50 38 25 57 24 35 25 25
02 45 32 18 40 30 29 07 29 22 03 11 16 08 34 35 34 15 00 20 39 00 06 46 47 36 35 18 25 19 01 19 44 36 09 12 00 00 06 32 01 47 50 57 29 25 12 11 44 08 02 77 20 00 00 04 29 35 13 83 42 00 00 16 19 05 10 00 00 32 23 03 49 38 12 30 12 18 55 10 38 55 19 46 26 68 21 04 31 40 03 21 57 49 78 65
14 19 36 20 13 03 33 07 15 17 17 67 43 04 53 22 18 66 35 48 24 00 17 57 22 31 38 07 08 47 55 23 18 18 13 42 00 03 02 95 12 17 05 54 23 56 23 37 17 70 15 53 16 03 40 61 13 46 56 14 65 40 00 06 10 14 28 33 00 44 15 13 15 59 25 50 41 14 35 25 35 34 21 37 20 44 46 54 29 45 11 59 64 25 57 59
17 31 27 00 29 46 27 10 19 17 10 22 80 14 17 16 04 07 17 65 38 00 63 50 54 00 14 27 63 10 26 05 00 03 00 17 00 78 24 14 81 67 35 56 38 40 00 04 61 40 12 28 27 12 44 14 01 17 53 40 75 36 00 22 04 00 04 10 31 50 55 49 17 45 46 40 14 29 25 51 43 31 45 44 49 70 31 40 29 13 55 24 69 10 26 80
38 07 27 43 01 42 29 35 14 16 58 29 52 40 32 58 34 01 21 25 24 00 09 21 19 00 06 18 12 22 15 66 22 28 00 67 25 47 45 46 21 13 16 11 12 35 19 27 29 02 52 29 24 09 13 51 50 45 23 47 54 78 37 62 81 28 75 30 74 43 67 72 36 38 49 21 61 34 35 57 44 62 23 75 28 31 36 75 66 54 55 73 39 30 56 58
05 37 72 14 46 58 32 00 00 00 33 00 25 10 28 24 28 44 28 24 43 01 00 12 00 24 08 32 15 28 20 30 26 62 02 36 23 65 20 25 36 41 29 02 66 31 35 06 34 48 35 35 14 31 00 65 00 32 03 38 71 51 38 64 33 46 70 62 77 34 17 39 11 06 13 35 34 42 43 36 47 42 29 33 48 13 59 81 77 13 55 40 53 90 84 86
29 16 02 10 29 06 20 16 25 35 01 13 05 04 30 45 42 36 31 07 62 04 00 09 05 17 32 16 50 38 56 02 29 07 38 40 05 37 58 47 33 30 53 16 20 21 02 17 25 06 40 48 07 03 13 35 26 32 45 60 56 52 62 41 45 49 41 26 31 19 27 18 39 55 55 22 10 46 48 31 28 78 29 05 53 28 68 67 57 16 76 38 11 98 36 04
22 00 53 47 00 09 35 22 00 25 33 26 34 33 44 45 10 32 25 28 28 08 04 57 78 28 00 13 68 32 18 24 15 40 58 44 47 12 14 41 33 14 22 17 26 30 75 41 75 28 85 44 26 31 39 67 63 54 48 20 44 29 34 36 26 28 50 44 53 23 63 34 21 66 58 32 50 25 55 35 52 18 68 55 78 40 59 48 50 38 09 37 23 17 00 00
