packages/cartolidar/cartolidar-0.0a14-py3-none-any.whl/cartolidar/data/asc/PuenteDuero/348_4600_2017_cob050_200cm.asc
ncols 200 
nrows 200 
xllcenter 348005.000 
yllcenter 4598005.000 
cellsize 10.000 
nodata_value 255 
[rows 48 to 95 of 200, columns 0 to 95 of 200]
18 15 33 50 16 17 21 12 11 13 84 26 47 45 32 33 22 08 14 17 12 15 57 255 255 38 03 66 33 12 05 12 255 04 14 92 20 20 29 255 255 255 16 16 08 255 255 255 25 03 34 09 00 00 69 18 24 67 37 75 43 15 00 50 27 46 115 08 13 14 23 12 255 33 28 255 57 36 255 13 33 116 74 10 255 00 00 08 19 255 255 255 255 06 17 10
14 92 10 24 25 46 27 20 22 37 25 07 05 255 41 38 14 17 24 08 52 09 30 08 31 255 09 80 78 51 255 30 14 39 255 12 00 00 10 54 15 14 13 16 00 18 16 37 255 00 17 255 05 14 114 32 15 53 29 113 58 39 00 255 104 47 51 25 60 12 255 20 07 22 56 26 41 07 06 18 07 16 114 42 255 48 255 03 00 00 255 255 255 55 95 255
116 06 22 41 28 13 03 10 28 13 11 07 11 29 19 58 10 15 36 39 93 00 255 255 15 77 00 15 18 61 26 17 41 255 255 16 65 08 255 32 29 50 255 15 38 08 25 15 07 32 255 46 255 38 92 27 255 255 20 255 02 77 01 255 04 45 84 38 255 73 30 09 255 05 32 75 255 27 83 04 00 255 96 10 00 02 27 50 08 11 255 255 255 255 255 255
16 32 09 10 57 20 45 23 47 05 20 07 10 31 19 23 21 42 60 38 00 84 22 87 35 255 255 113 66 107 35 78 50 76 22 07 31 255 00 07 12 08 31 81 59 255 17 72 120 39 255 10 255 106 126 12 255 62 75 255 09 44 120 255 01 78 14 00 100 04 00 255 02 15 14 07 14 03 30 40 86 64 92 17 00 09 255 255 12 68 35 09 27 00 255 16
13 15 47 63 38 255 37 13 40 75 54 28 06 50 21 255 03 118 25 22 33 24 07 33 26 118 100 11 255 255 255 11 19 32 33 07 255 100 32 19 255 02 40 05 00 255 16 00 11 23 50 13 33 70 72 61 255 59 34 38 00 255 26 03 38 77 51 40 255 00 26 21 09 03 06 25 255 255 06 43 63 10 17 38 00 19 13 31 19 31 88 01 19 52 255 255
12 31 34 37 28 19 05 35 42 30 05 02 20 15 39 44 15 52 35 68 29 39 29 08 255 13 31 11 02 255 50 04 255 34 22 26 255 06 255 16 88 255 255 38 255 80 54 29 05 61 12 255 255 46 15 255 60 94 33 255 40 255 03 03 39 16 35 50 41 05 80 09 00 45 02 71 00 18 60 33 03 76 30 255 00 107 53 07 29 04 16 07 05 21 255 255
41 20 27 08 32 36 255 68 02 40 33 05 45 255 04 105 13 02 16 13 19 255 100 255 25 255 13 33 19 13 19 13 255 25 25 20 16 255 23 03 50 22 26 10 73 66 60 13 21 50 00 00 255 255 34 125 55 96 50 27 48 56 36 113 50 31 78 13 15 45 255 22 12 66 26 255 41 08 18 17 18 08 37 30 05 47 16 80 35 30 100 60 03 02 255 255
28 34 36 44 34 55 255 12 80 61 255 15 08 57 37 255 31 47 255 41 62 22 90 34 20 255 37 40 00 14 255 33 06 08 57 09 115 255 125 16 14 58 80 255 255 120 07 32 255 26 20 09 35 255 80 255 19 35 12 00 22 18 255 22 32 24 47 23 40 25 00 36 02 10 15 255 28 255 40 89 23 25 28 00 255 97 15 19 14 255 255 10 28 26 11 255
81 40 26 32 42 20 16 15 38 33 09 20 20 38 47 86 255 34 36 34 05 09 255 18 09 255 48 33 255 07 43 11 36 108 255 255 21 01 34 38 100 255 87 33 42 00 04 255 26 255 26 25 255 00 07 102 15 100 06 56 120 20 01 02 78 05 03 27 255 33 08 32 08 10 05 82 120 03 41 30 15 123 05 35 255 33 33 90 10 255 15 110 24 255 00 255
25 79 255 48 38 09 85 24 04 08 255 24 38 26 17 02 25 255 72 22 44 255 05 78 28 255 35 06 38 52 07 10 22 10 42 25 15 62 58 255 19 255 34 28 00 255 109 255 255 255 07 85 41 53 83 09 61 255 13 36 48 255 04 19 20 09 00 71 06 118 255 255 75 56 255 16 16 43 34 255 00 00 255 255 255 25 255 06 12 100 10 58 24 33 255 255
26 74 13 37 255 00 28 05 78 63 00 34 59 09 07 12 57 28 20 50 255 34 91 60 11 17 69 255 20 100 121 51 255 44 38 35 45 112 68 57 21 100 80 85 14 255 255 09 27 00 06 25 46 05 57 13 255 101 13 255 01 13 57 11 20 17 02 41 255 05 00 35 11 28 25 19 50 29 60 57 48 106 255 10 19 12 03 45 11 41 97 50 10 255 255 255
26 29 18 255 87 255 65 34 255 45 51 13 46 48 03 11 10 22 16 22 47 61 25 28 57 36 105 44 20 255 30 14 255 18 255 24 08 73 50 58 11 100 255 03 255 255 54 114 255 23 00 09 42 52 255 13 255 255 35 75 05 255 255 26 35 19 04 255 47 46 00 52 255 255 20 22 56 13 32 13 27 10 85 92 255 39 48 50 21 22 72 77 45 255 255 29
255 50 37 51 77 27 11 15 29 46 255 33 27 29 02 10 18 46 28 255 09 30 25 57 27 34 64 255 68 20 25 61 86 255 58 18 12 06 04 60 07 255 83 00 120 22 10 31 75 50 16 255 08 15 29 33 255 255 28 66 20 255 32 24 20 34 62 09 09 16 00 63 255 255 114 11 11 22 25 18 36 10 02 76 107 18 58 47 09 00 02 33 02 00 255 00
84 39 255 62 255 255 80 255 66 18 58 116 43 60 38 27 54 100 54 86 08 37 22 61 01 25 50 255 255 28 16 255 10 255 38 33 255 05 66 16 07 22 255 23 05 10 04 15 44 57 255 21 46 32 125 05 108 11 57 28 29 90 00 255 112 52 78 21 15 17 05 27 21 11 15 24 22 55 06 02 12 37 26 34 41 24 29 17 26 20 30 70 255 22 255 255
67 85 255 84 115 65 58 68 255 15 46 37 108 00 26 55 255 92 22 13 20 02 51 29 88 93 15 255 25 00 35 255 37 255 16 69 22 07 40 10 255 255 91 00 255 33 60 50 66 255 27 255 84 255 30 39 20 24 19 17 16 25 26 02 255 29 09 24 55 29 28 46 28 53 23 30 26 57 51 03 14 15 255 44 51 255 38 20 60 47 75 30 07 05 255 255
255 26 67 54 52 17 75 76 32 93 255 53 03 40 36 67 111 34 12 09 21 25 23 25 25 10 07 19 50 30 255 46 05 35 255 255 255 16 06 68 45 42 255 03 13 255 255 255 13 255 19 255 33 33 01 25 255 255 24 54 21 96 64 255 255 07 34 12 255 10 14 78 22 255 116 40 14 25 255 19 00 38 255 35 18 25 08 18 255 08 64 04 00 55 00 02
36 29 255 27 32 22 50 42 55 22 255 100 85 255 255 68 90 94 33 11 126 06 13 32 20 00 02 112 255 11 03 255 255 255 68 01 41 13 43 255 100 05 02 12 17 32 20 45 30 21 100 54 255 92 22 255 59 03 123 49 17 34 35 47 90 23 14 67 41 09 26 41 255 34 30 107 03 00 25 06 18 10 10 12 09 255 11 03 06 35 255 22 255 255 00 00
08 14 108 29 68 34 255 31 30 31 29 00 255 23 255 50 83 48 50 59 51 08 13 23 255 00 20 255 255 255 120 255 07 64 66 25 38 37 70 00 12 00 70 32 15 10 12 30 255 00 35 52 255 55 71 36 255 46 00 42 37 06 19 54 55 77 05 07 11 13 12 43 29 11 32 255 255 00 100 07 23 50 13 14 33 32 22 18 00 255 255 09 255 00 05 00
10 28 255 13 11 15 17 255 21 28 00 06 255 22 28 05 75 30 16 255 255 88 74 47 20 36 48 255 00 35 90 83 255 103 255 29 35 04 08 255 255 100 50 06 44 09 255 00 255 40 52 25 77 04 255 50 10 116 255 111 24 255 38 08 20 03 114 10 00 05 12 23 124 255 103 16 255 52 26 00 71 76 24 255 255 255 255 08 17 11 00 255 255 46 03 255
255 255 255 00 255 09 100 03 05 255 00 06 00 06 15 11 119 15 19 36 38 45 41 26 33 38 29 15 85 255 255 14 31 75 255 22 10 70 255 76 255 84 33 34 255 07 05 08 255 17 64 50 36 96 92 38 00 01 63 255 08 41 40 66 60 00 06 114 08 03 28 08 06 255 31 42 255 255 09 03 04 16 30 47 255 255 255 255 00 10 07 255 255 41 34 110
00 255 00 00 30 255 255 00 20 07 255 46 18 18 55 62 19 88 113 255 28 27 18 53 66 30 84 36 25 255 02 255 52 255 58 09 95 115 107 18 255 22 06 255 20 47 23 37 12 47 64 54 255 81 46 19 00 18 21 08 06 40 20 00 55 21 07 16 25 04 14 08 13 11 06 22 38 02 255 52 42 14 52 255 13 255 25 255 00 13 03 255 255 07 255 255
00 00 00 00 255 255 00 01 20 02 255 90 00 32 45 116 12 255 48 33 50 20 35 14 50 31 57 76 94 83 43 26 51 13 20 40 255 13 00 255 55 18 83 40 36 13 08 09 71 12 255 76 255 83 50 24 08 03 35 00 29 17 02 09 04 09 11 38 24 10 03 05 54 25 23 13 122 255 62 255 100 30 06 25 36 255 01 255 255 255 02 27 255 255 255 255
255 05 02 00 255 13 00 00 00 255 17 00 00 100 255 255 14 16 120 17 17 255 100 27 11 54 18 54 77 26 85 14 255 60 25 111 38 37 11 04 62 00 58 100 255 17 19 00 23 18 255 255 100 255 15 10 50 00 08 44 01 255 01 21 06 33 255 05 11 17 09 100 255 56 10 17 16 22 03 50 63 45 255 21 13 255 90 06 255 15 00 50 80 255 255 255
03 00 00 00 255 10 06 255 255 02 16 33 255 26 21 29 125 32 255 75 57 50 52 13 29 30 36 95 255 14 38 40 41 12 03 26 25 255 255 02 255 255 255 17 255 00 28 20 76 04 83 45 04 23 255 08 01 14 00 37 17 60 255 120 17 36 255 05 24 11 45 41 103 44 40 09 69 116 255 61 11 20 00 00 20 255 255 255 255 255 255 255 00 255 255 255
00 00 00 255 07 255 06 18 15 255 12 36 255 06 16 255 255 255 255 16 255 11 29 34 54 23 24 39 44 118 115 80 38 24 16 09 62 02 12 33 00 10 00 21 255 255 00 16 255 25 00 24 100 255 255 00 00 00 00 255 255 100 255 91 255 50 36 06 255 13 24 76 12 22 40 05 02 23 70 56 07 60 255 15 10 52 255 255 255 255 255 00 09 255 255 255
00 00 255 255 00 00 255 27 00 12 12 29 255 00 255 00 255 06 48 04 08 57 90 27 20 26 70 33 45 255 33 44 00 14 31 10 17 19 20 31 00 70 71 33 255 255 255 23 255 66 68 55 13 31 255 01 255 43 05 48 25 04 06 30 27 36 15 16 34 16 19 29 54 46 32 19 255 05 64 07 12 255 81 20 08 50 255 255 255 255 255 255 255 255 255 255
04 00 00 00 00 00 255 00 14 00 02 255 255 255 60 00 06 50 36 39 255 125 31 29 20 34 95 93 32 26 59 60 75 40 56 19 80 255 255 50 255 31 11 53 255 28 100 07 255 255 05 05 78 18 255 40 05 17 00 09 12 06 34 06 23 22 14 29 96 18 12 09 08 22 16 255 15 41 03 25 34 29 96 17 123 255 255 255 255 00 33 01 255 255 255 255
20 105 00 00 00 03 00 02 00 00 255 255 00 14 61 13 62 03 50 255 255 38 88 37 41 15 19 125 25 03 255 14 23 66 61 20 23 16 23 26 14 23 37 255 100 06 70 10 00 21 35 45 24 08 18 31 27 23 31 26 15 64 59 57 31 255 45 86 255 90 11 19 32 255 23 20 13 19 70 18 03 13 21 68 57 255 255 255 255 23 38 255 255 255 255 255
17 31 16 08 00 255 255 56 28 03 255 00 07 255 00 00 66 00 88 50 41 255 13 255 60 66 45 255 255 255 90 18 17 50 08 08 53 22 52 78 28 255 255 15 11 16 50 05 13 120 255 26 64 50 05 10 14 07 09 13 74 255 14 42 110 78 16 61 33 255 53 39 255 25 255 32 60 68 58 100 53 26 16 30 100 255 255 255 255 255 255 255 255 255 255 255
00 00 00 255 00 00 255 01 92 66 00 00 08 00 00 00 71 04 47 17 43 01 255 11 255 255 120 255 255 106 66 29 16 56 72 100 25 255 107 50 30 00 05 11 21 15 00 06 255 07 255 42 40 15 255 28 25 72 255 21 03 16 37 100 24 20 10 40 83 47 255 44 26 255 255 255 255 255 00 255 31 04 16 01 255 255 255 255 255 255 255 255 255 255 255 255
255 00 00 00 66 21 00 111 255 255 54 00 255 00 00 255 36 255 255 12 100 09 255 62 18 35 255 255 255 40 52 62 24 33 34 126 15 23 59 255 11 07 35 41 18 00 255 29 09 16 00 107 06 00 00 03 17 71 255 09 64 56 29 22 23 07 45 75 80 38 63 16 06 00 02 69 60 66 14 60 17 255 255 09 04 255 255 255 255 255 255 255 255 255 255 255
14 255 01 00 00 00 255 255 00 00 255 12 255 00 47 00 255 09 02 255 12 255 37 11 255 03 70 255 255 41 57 29 18 123 39 35 121 20 255 35 17 05 12 03 48 255 255 17 55 120 04 46 54 14 25 33 15 07 23 06 12 46 41 28 104 45 11 32 84 28 93 39 21 28 27 26 17 40 10 07 22 06 31 32 255 255 255 255 255 255 255 255 255 255 255 255
255 255 25 00 00 00 00 00 00 00 00 255 255 00 255 00 00 00 00 255 20 09 63 113 48 62 38 03 255 72 255 37 16 52 45 56 255 37 50 44 32 64 125 34 45 72 127 255 11 22 21 16 255 31 30 255 00 74 255 36 29 04 50 26 42 44 76 14 93 15 37 08 26 33 65 57 120 32 32 63 65 32 42 01 255 255 255 255 255 255 255 255 255 255 255 255
14 255 255 66 00 00 00 11 42 30 00 00 00 00 255 00 00 12 255 255 255 27 33 20 02 25 255 55 09 107 26 17 17 41 110 81 51 20 56 42 27 56 106 42 114 255 15 57 20 29 12 29 15 22 03 255 00 255 23 76 85 255 23 06 23 32 13 22 16 91 02 255 66 09 28 255 06 05 12 110 06 08 38 255 255 255 255 255 255 255 255 255 255 255 255 255
00 255 45 00 21 255 00 08 58 255 255 00 00 00 00 17 255 255 00 255 13 29 255 22 22 41 35 40 30 56 43 88 24 109 72 48 50 255 11 50 73 42 47 75 25 120 08 255 00 100 00 38 18 00 100 255 22 255 59 27 255 08 15 100 20 20 48 20 29 255 06 38 255 38 10 07 255 13 255 92 44 44 255 255 255 255 255 255 255 255 255 255 255 255 255 255
00 255 255 255 26 58 00 00 00 00 00 00 255 45 04 255 00 00 00 255 00 255 42 00 15 255 29 33 38 18 51 71 51 55 35 255 41 255 43 90 255 255 66 56 08 255 255 255 100 87 06 15 14 09 00 33 05 25 20 41 16 57 09 14 19 16 32 54 69 123 14 17 35 19 35 255 255 05 255 255 120 23 03 255 255 255 255 255 255 255 255 255 255 255 255 255
40 255 255 255 255 00 00 255 11 255 255 255 23 00 00 00 00 00 255 255 00 255 255 255 30 255 00 255 25 27 62 50 32 02 27 107 255 44 255 45 255 35 09 110 16 108 255 70 47 24 10 08 41 19 32 60 40 04 255 06 42 255 02 255 36 255 05 41 59 22 00 11 29 20 37 32 255 13 11 50 255 13 20 08 255 255 255 255 255 255 255 255 255 255 255 255
03 255 255 255 255 08 10 08 255 255 255 255 01 01 00 255 00 00 00 255 00 00 00 00 20 11 09 60 53 255 48 32 08 255 97 255 81 255 16 53 75 21 31 255 18 36 35 39 63 255 04 20 02 04 77 11 34 37 61 07 32 58 104 44 82 255 112 05 100 48 08 05 32 40 16 02 255 255 03 53 29 25 39 11 05 255 255 255 255 255 255 255 255 255 255 255
255 255 255 07 03 255 255 06 08 255 255 255 255 255 00 00 255 255 255 00 00 255 00 00 00 25 00 255 00 255 72 11 19 70 42 44 54 105 100 57 255 28 66 46 46 64 64 41 50 100 32 40 04 255 21 12 34 22 48 87 35 38 90 03 76 36 255 07 47 07 05 08 08 19 02 255 255 20 255 25 26 06 25 11 07 255 255 255 255 255 255 255 255 255 00 255
255 255 255 255 00 255 00 16 60 255 00 00 255 00 02 00 00 255 00 03 00 255 00 00 255 00 255 00 255 00 46 255 72 08 08 85 37 40 88 255 72 83 255 100 111 85 77 51 44 32 255 42 27 26 10 06 26 08 66 255 255 13 57 106 39 72 255 14 30 29 52 13 36 17 25 08 00 00 00 04 20 09 255 13 114 19 255 255 255 255 255 255 255 255 255 255
40 107 255 09 00 00 00 118 255 255 00 255 02 255 255 255 25 255 02 10 00 00 255 00 00 00 255 00 255 00 05 255 255 00 07 58 68 09 255 45 54 255 21 12 255 255 21 06 78 50 255 255 20 38 27 00 23 29 27 96 60 61 37 22 03 17 39 71 03 22 13 19 02 82 72 255 255 17 17 255 15 06 255 00 05 13 01 21 82 255 255 255 255 255 73 255
255 255 255 255 255 09 35 255 01 00 00 255 00 00 00 05 83 255 01 00 00 255 00 00 00 23 00 06 23 255 04 80 00 00 255 33 05 47 13 13 76 16 255 255 255 33 31 23 32 12 55 92 80 255 255 66 255 33 01 08 34 05 18 255 04 00 07 255 43 26 255 17 05 28 18 255 100 11 51 29 01 80 29 14 07 30 26 08 33 255 255 255 255 255 50 255
255 255 255 255 00 14 75 24 06 255 255 255 06 01 00 09 255 255 45 62 11 255 00 255 00 10 13 00 255 255 03 00 255 01 00 38 255 00 03 15 75 28 50 41 61 255 83 255 43 14 43 25 36 51 255 43 255 39 60 67 18 12 09 33 08 12 19 17 04 16 70 25 20 04 08 04 255 18 53 53 06 19 22 05 25 36 52 25 08 255 255 23 255 16 25 52
255 255 255 255 02 00 00 00 00 00 00 00 255 00 00 00 09 26 100 16 03 255 00 00 255 255 00 06 31 05 00 00 00 00 255 20 255 70 00 37 100 50 66 33 58 20 255 70 255 26 34 80 31 83 57 255 37 73 255 39 51 33 46 36 37 14 04 25 53 255 121 31 38 255 01 255 255 05 09 36 17 38 06 11 07 03 18 20 08 08 52 255 255 31 42 69
255 255 100 255 100 14 04 00 00 05 03 00 255 00 00 255 08 06 71 08 00 18 20 05 255 14 00 25 255 00 00 00 00 255 255 02 00 255 50 120 00 00 20 02 21 50 114 17 30 61 10 60 17 47 52 55 120 104 77 91 41 51 255 45 34 70 34 08 00 64 38 27 13 255 68 09 29 02 09 14 06 18 22 255 14 85 67 14 07 31 13 21 18 23 34 07
255 255 255 255 255 02 00 00 00 00 255 00 00 00 255 00 34 22 47 08 22 10 255 47 30 27 47 16 15 09 255 255 01 100 90 00 255 00 36 75 255 15 70 255 09 83 255 17 255 94 12 37 27 28 25 57 255 65 50 255 255 96 86 36 30 84 38 30 04 66 01 18 19 25 15 07 45 00 22 100 25 10 48 16 125 82 39 15 06 12 07 07 115 41 20 21
255 255 255 255 255 255 255 255 255 00 255 255 00 04 10 00 00 14 12 13 18 23 12 255 00 40 10 50 52 14 01 22 255 255 07 04 255 70 52 03 16 00 08 11 16 00 255 46 19 255 255 255 24 28 40 96 51 95 255 85 67 47 57 58 255 86 68 41 04 01 86 14 30 103 56 13 10 13 62 44 39 40 58 06 20 21 05 66 04 11 06 10 69 22 20 11
255 255 255 118 255 255 255 255 255 255 255 255 255 07 00 00 05 16 44 06 53 25 01 00 255 16 10 17 20 25 19 25 16 255 09 42 09 100 00 255 00 00 00 35 23 00 255 00 00 255 05 20 255 127 255 23 66 117 29 15 80 36 50 34 09 114 125 74 47 48 30 30 09 07 01 15 19 17 105 28 09 34 47 11 06 33 09 10 05 255 36 01 11 36 29 255
