packages/cartolidar/cartolidar-0.0a14-py3-none-any.whl/cartolidar/data/asc/PuenteDuero/348_4600_2017_cob050_200cm.asc
ncols 200 
nrows 200 
xllcenter 348005.000 
yllcenter 4598005.000 
cellsize 10.000 
nodata_value 255 
[rows 144 to 191 of 200, columns 96 to 191 of 200]
30 09 03 01 11 00 06 00 02 05 00 25 14 40 255 255 255 255 255 255 255 255 255 255 255 255 255 255 255 255 255 255 255 255 255 255 255 255 255 255 255 255 255 255 255 255 255 255 255 255 255 255 255 255 255 255 255 255 255 255 255 255 255 255 255 255 255 255 255 255 255 255 255 255 255 255 255 255 255 255 255 255 255 255 255 255 255 255 255 255 255 255 255 255 255 255
11 24 43 81 11 07 66 39 20 07 15 00 35 21 255 255 255 14 07 05 00 255 255 22 29 21 17 255 255 255 255 255 255 255 255 255 255 255 255 255 255 255 255 255 255 255 255 255 255 255 255 255 255 255 255 255 255 255 255 255 255 255 255 255 255 255 255 255 255 255 255 255 255 255 255 255 255 255 255 255 255 255 255 255 255 255 255 255 255 255 255 255 255 255 255 255
50 56 27 255 255 255 100 12 16 14 33 14 111 40 28 255 255 255 05 14 22 255 255 100 41 06 31 255 60 255 47 56 255 255 255 255 255 255 255 255 255 255 255 255 255 255 255 255 255 255 255 255 255 255 255 255 255 255 255 255 255 255 255 255 255 255 255 255 255 255 255 255 255 255 255 255 255 255 255 255 255 255 255 255 255 255 255 255 255 255 255 255 255 255 255 255
45 85 25 76 09 51 26 27 19 26 15 37 50 31 255 255 19 05 03 12 109 40 255 255 20 255 37 48 80 92 49 16 35 255 22 00 255 255 255 255 255 255 255 255 255 255 255 255 255 255 255 255 255 255 255 255 255 255 255 255 255 255 255 255 255 255 255 255 255 255 255 255 255 255 255 255 255 255 255 255 255 255 255 255 255 255 255 255 255 255 255 255 255 255 255 255
18 24 08 32 48 120 17 12 15 05 02 12 33 17 26 42 14 27 58 255 75 20 82 08 04 255 255 255 00 00 35 255 12 21 06 23 50 255 255 255 255 255 255 255 255 255 255 255 255 255 255 255 255 255 255 255 255 255 255 255 255 255 255 255 255 255 255 255 255 255 255 255 255 255 255 255 255 255 255 255 255 255 255 255 255 255 255 255 255 255 255 255 255 255 255 255
255 255 00 19 12 06 35 255 34 26 16 18 67 43 00 18 83 00 24 07 05 255 05 04 05 255 70 255 08 10 00 23 255 255 104 90 74 27 255 255 255 255 255 255 255 255 255 255 255 255 255 255 255 255 255 255 255 255 255 255 255 255 255 255 255 255 255 255 255 255 255 255 255 255 255 255 255 255 255 255 255 255 255 255 255 255 255 255 255 255 255 255 255 255 255 255
100 10 12 14 46 34 23 46 60 41 08 33 112 21 06 13 21 18 61 63 14 30 12 07 25 255 18 255 01 12 04 00 18 33 255 16 43 255 255 255 255 255 255 255 255 255 255 255 255 255 255 255 255 255 255 255 255 255 255 255 255 255 255 255 255 255 255 255 255 255 255 255 255 255 21 255 255 255 255 255 255 255 255 255 255 255 255 255 255 255 255 255 255 255 255 255
70 07 25 69 31 26 27 42 50 44 13 123 47 43 06 21 50 40 05 00 15 09 07 43 10 09 21 17 06 00 03 03 01 255 19 50 255 255 17 84 22 255 255 255 255 255 255 255 255 255 255 255 255 255 255 255 255 255 255 255 255 255 255 255 255 255 255 255 255 255 255 255 255 255 255 255 255 255 255 255 255 255 255 255 255 255 255 255 255 255 255 255 255 255 255 255
15 07 70 87 92 255 35 32 108 108 37 116 54 117 13 41 69 42 15 03 63 00 05 19 32 06 00 20 19 21 02 04 64 100 37 28 23 64 19 255 255 255 255 255 255 255 255 255 255 255 255 255 255 255 255 255 255 255 255 255 255 255 255 255 255 255 255 255 255 255 255 255 81 21 255 35 255 255 255 255 255 255 255 255 255 255 255 255 255 255 255 255 255 255 255 255
00 00 10 00 07 35 45 80 255 74 255 255 86 62 55 255 35 105 114 32 03 14 05 255 255 38 32 21 08 04 41 36 23 13 73 21 28 35 255 10 27 30 61 255 255 255 255 255 255 255 255 255 255 255 255 255 255 255 255 255 255 255 255 255 255 255 255 255 255 255 255 00 21 16 11 28 46 39 255 255 255 255 255 255 255 255 255 255 255 255 255 255 255 255 255 255
00 00 00 00 00 04 00 255 25 22 02 05 08 16 30 40 24 255 60 125 19 14 63 75 46 38 37 52 07 28 78 32 39 02 81 42 63 12 15 17 44 19 18 118 255 255 255 255 255 255 255 255 255 255 255 255 255 255 255 255 255 255 255 255 255 255 255 255 255 255 255 15 38 22 10 30 07 10 255 255 255 255 255 255 255 255 255 255 255 255 255 255 255 255 255 255
02 00 00 00 02 00 00 00 00 00 00 00 00 08 00 09 255 33 67 00 09 30 33 25 56 31 31 121 04 06 10 05 35 20 30 25 37 12 36 21 255 21 46 255 255 255 255 255 255 255 255 255 255 255 255 255 255 255 255 255 255 255 255 255 255 255 255 255 255 255 255 00 06 25 06 27 255 255 255 255 17 255 255 46 100 26 52 255 255 255 255 255 24 16 255 255
00 00 00 00 00 00 00 00 00 00 00 02 04 00 00 00 00 00 00 40 00 04 32 24 29 20 17 34 34 34 01 05 21 11 08 43 27 55 94 11 62 05 68 255 255 255 255 255 255 255 255 255 255 255 255 255 255 255 255 255 255 255 255 255 255 255 00 255 255 255 255 255 255 15 00 04 04 255 255 255 09 30 255 27 10 107 25 20 03 00 75 27 11 255 255 255
00 00 00 00 00 00 00 00 00 00 00 00 00 255 00 00 01 00 00 16 255 00 28 37 02 04 05 29 54 13 38 17 01 00 70 39 12 48 06 04 33 35 39 48 255 123 93 83 255 57 255 255 255 255 255 255 255 255 255 255 00 255 20 00 00 255 16 30 255 255 255 255 255 04 17 06 05 255 255 255 19 47 36 255 76 40 12 53 31 25 255 38 27 255 255 255
00 00 00 00 00 00 00 00 00 00 00 00 00 00 00 00 00 01 06 02 00 00 00 00 00 14 255 06 107 17 255 14 36 07 01 255 00 08 00 06 04 01 40 35 30 60 36 120 94 255 118 85 10 08 255 255 255 255 255 255 15 29 29 12 16 255 255 53 255 255 255 255 255 48 13 125 00 03 255 07 47 33 36 23 50 22 14 22 97 58 15 90 255 255 255 255
01 00 00 00 00 00 00 08 00 00 00 00 00 00 00 00 00 00 00 04 00 06 00 03 00 00 00 00 00 05 13 20 39 26 30 00 00 00 02 05 03 11 33 11 14 07 00 255 63 255 255 36 14 39 255 255 25 03 88 35 45 16 255 06 255 255 60 255 255 255 255 80 255 255 255 255 255 65 09 36 55 22 28 06 51 57 28 61 26 41 23 25 255 06 255 255
00 00 00 00 00 255 00 00 00 00 02 00 00 00 04 03 255 00 02 00 00 00 00 00 00 00 04 00 04 00 00 17 57 03 14 05 03 04 00 00 00 02 29 27 45 18 29 31 116 08 100 50 255 255 255 255 45 07 63 78 255 48 255 14 255 31 255 255 255 255 52 10 14 255 255 255 255 255 36 03 47 255 34 70 51 25 84 77 34 68 38 04 86 21 15 255
00 00 00 03 00 04 00 255 00 00 00 00 00 10 00 00 00 00 02 01 11 01 04 02 00 00 16 255 00 00 00 13 255 09 04 13 09 00 17 100 00 03 07 12 08 11 45 255 20 15 40 36 255 34 255 255 18 30 26 62 29 92 37 40 255 30 255 35 255 255 28 60 37 53 05 255 16 46 06 66 57 37 255 36 80 56 76 65 69 15 46 119 255 255 66 65
00 00 00 00 00 00 00 00 00 00 255 00 00 12 00 00 00 00 255 00 00 13 00 00 00 00 00 00 00 01 00 255 255 00 00 00 00 00 00 00 00 07 14 33 00 09 59 00 16 08 35 96 76 05 255 255 255 15 43 86 255 11 08 09 255 255 255 255 255 255 34 255 46 255 12 255 69 104 84 255 255 255 255 104 255 255 255 85 75 67 255 100 44 74 35 75
00 00 00 00 00 00 00 00 00 00 00 255 00 255 14 00 00 00 00 12 00 255 00 00 00 00 00 06 00 00 255 00 00 04 04 255 00 00 00 00 00 00 00 255 02 06 03 01 12 20 14 255 113 255 93 255 255 17 255 255 255 01 13 38 255 255 76 255 27 58 36 92 120 18 09 53 48 27 18 255 255 255 74 20 44 76 85 127 116 255 62 36 40 19 66 26
00 00 00 255 00 00 255 255 00 00 02 00 00 255 00 00 00 00 00 00 00 06 01 00 00 00 13 00 06 255 255 00 00 00 00 00 00 00 00 00 00 00 00 00 00 00 08 06 02 02 12 86 28 41 255 13 255 255 255 27 21 36 111 255 255 255 35 122 44 25 255 78 27 106 34 24 06 14 16 45 70 49 55 30 37 29 25 32 45 23 66 255 117 50 30 38
00 00 00 00 00 00 00 255 00 00 00 255 00 00 00 255 00 00 00 00 00 00 00 00 00 00 00 255 255 255 17 00 00 00 00 00 00 00 255 255 00 255 00 00 00 00 13 04 16 22 06 26 66 60 25 10 28 255 255 50 68 255 51 65 255 30 113 255 85 34 110 255 13 50 40 123 87 18 52 255 68 42 10 54 107 255 55 255 11 255 17 33 255 75 10 27
00 00 00 00 00 00 00 00 00 00 00 00 00 00 00 00 00 00 00 00 00 00 00 00 00 00 00 255 255 00 00 00 00 58 00 255 00 00 00 00 00 00 00 00 16 03 10 00 00 04 10 00 18 76 35 52 55 255 255 255 111 52 26 255 255 25 17 31 255 255 66 07 255 255 255 00 20 255 255 255 255 255 94 65 255 255 20 27 20 39 255 58 16 25 07 30
00 00 00 02 00 00 01 00 00 00 00 00 00 11 00 00 00 00 00 00 00 00 02 00 00 03 00 255 255 00 00 00 00 00 00 00 255 00 00 00 255 00 255 00 00 02 00 00 00 00 16 17 03 05 09 44 25 255 255 40 29 255 255 255 255 24 08 37 76 255 255 255 255 255 255 04 255 255 255 255 255 255 255 255 255 255 255 255 255 255 255 255 255 50 25 87
00 00 00 00 00 00 00 00 00 01 00 00 00 00 00 00 00 00 00 00 00 00 00 00 00 00 255 255 255 00 00 00 00 00 00 00 255 00 00 00 00 00 00 00 00 00 00 00 00 00 30 25 86 48 16 28 255 255 255 14 255 255 255 26 255 04 16 41 255 255 255 255 255 255 255 255 255 255 255 255 255 255 255 255 255 00 09 13 255 255 255 14 255 255 26 09
00 255 255 00 00 00 00 00 00 00 00 00 00 00 00 00 00 00 00 00 00 255 00 255 00 00 255 00 00 00 00 00 00 255 255 00 00 00 00 00 00 00 00 00 00 255 00 255 00 00 255 05 09 18 07 31 255 21 255 52 255 43 255 38 06 47 09 255 255 255 255 255 255 255 255 255 255 255 255 255 255 255 255 255 255 00 21 67 255 255 00 03 255 255 255 19
00 00 00 00 00 07 00 00 00 00 00 00 00 00 00 00 01 00 03 00 00 00 00 00 00 00 255 00 00 255 00 00 00 00 00 00 00 00 00 00 255 00 00 00 09 255 00 00 00 255 00 00 255 14 17 04 20 45 87 255 62 255 16 09 50 255 15 255 255 255 255 255 255 255 255 255 255 00 255 255 255 255 00 00 00 255 255 255 00 00 12 12 255 52 255 04
00 00 00 00 00 00 00 00 00 00 00 00 00 00 00 00 00 00 00 00 00 00 00 00 255 00 00 00 255 00 00 00 00 255 00 255 00 00 00 00 255 255 00 255 00 00 00 00 255 255 00 00 255 255 23 18 16 20 14 41 255 21 15 125 255 255 255 255 255 255 255 255 255 255 255 255 255 00 255 255 255 255 255 255 00 00 255 50 255 255 58 23 18 40 255 07
00 00 00 00 00 00 00 00 00 00 00 00 00 00 00 00 00 00 00 00 00 00 00 255 255 00 00 00 00 00 00 00 00 06 00 00 00 255 00 00 00 00 255 00 00 00 00 00 00 255 00 00 00 255 00 255 00 84 13 47 17 73 25 255 255 255 255 255 255 255 255 255 255 255 255 255 255 00 00 00 255 255 00 00 00 00 03 255 255 255 255 255 255 100 00 02
00 00 00 00 00 00 00 00 00 00 00 00 00 00 00 00 04 00 01 00 00 00 00 13 00 00 00 00 00 00 00 00 01 00 00 00 00 00 00 00 00 00 00 00 00 00 255 02 00 00 00 00 00 00 00 255 255 13 02 06 02 08 21 18 255 255 255 255 255 255 255 255 255 255 255 255 255 16 36 02 00 255 04 00 00 01 02 255 255 255 00 08 255 255 00 00
00 00 00 00 00 00 00 00 00 00 34 05 09 00 00 00 20 00 00 02 00 03 00 03 00 00 00 00 00 00 00 00 00 00 00 00 00 00 00 00 00 00 00 00 00 00 255 00 00 00 00 255 255 00 255 255 255 255 11 255 00 05 80 50 13 07 255 00 255 255 255 255 255 75 255 255 255 255 255 255 255 255 255 255 255 16 34 255 255 255 255 255 255 255 00 10
00 00 00 00 00 00 00 00 00 00 00 00 00 00 00 00 00 00 00 25 00 00 00 00 00 00 00 00 00 00 00 00 00 00 00 00 00 00 00 00 00 00 00 00 00 00 00 00 255 00 255 255 255 255 00 255 255 00 06 255 00 00 27 09 15 17 43 05 07 50 255 255 44 00 00 255 255 255 255 255 255 255 255 255 255 255 255 36 26 255 255 80 255 255 255 255
00 00 00 00 00 04 00 00 00 00 00 00 00 00 00 00 00 00 00 255 00 00 00 00 05 00 00 00 00 00 00 04 00 00 00 255 00 00 00 00 00 00 00 00 00 00 00 00 00 00 255 00 31 255 00 00 11 00 05 00 00 255 255 255 70 18 25 07 04 24 13 50 00 10 01 01 07 00 00 00 00 00 00 255 255 00 13 03 05 27 18 255 00 11 03 255
00 00 00 00 00 00 02 09 03 01 00 00 00 00 00 00 00 00 255 00 00 00 00 00 04 00 255 00 00 00 00 00 00 00 00 00 00 00 00 00 00 00 00 00 00 00 00 00 255 255 00 255 00 255 255 00 255 02 255 00 255 255 00 255 36 05 32 64 118 32 60 22 36 92 02 02 03 03 00 01 00 00 01 01 08 01 00 08 13 16 23 31 50 03 01 01
00 00 00 00 00 00 09 95 04 09 04 12 01 03 01 00 00 255 00 00 00 00 00 00 00 00 00 00 00 00 00 01 16 00 00 255 00 00 255 07 04 00 00 00 00 255 00 00 255 00 255 00 255 00 00 255 255 00 255 00 00 00 00 255 255 00 00 255 26 58 255 04 11 24 02 01 15 00 00 00 00 03 05 02 18 50 52 16 08 09 08 05 30 19 03 00
00 00 00 00 00 00 00 10 00 00 00 02 00 00 00 04 00 255 00 00 00 00 00 00 00 00 00 00 00 00 00 00 03 00 00 00 00 00 00 00 00 28 00 00 05 255 00 255 255 01 00 00 00 00 255 00 255 00 00 00 255 00 00 00 255 00 00 255 00 00 05 11 02 04 14 27 44 255 255 00 00 15 08 32 03 12 22 22 19 20 07 04 01 19 16 05
00 00 00 00 00 00 00 01 00 00 00 00 04 00 00 17 00 01 00 00 00 00 00 00 00 00 00 00 00 00 00 00 03 00 00 00 00 00 00 00 00 00 00 00 255 255 00 00 00 255 00 255 255 08 00 06 00 00 255 00 00 03 255 00 00 00 00 00 00 00 00 00 255 255 255 00 00 06 15 13 00 00 00 255 255 255 00 75 13 13 08 05 01 00 05 13
00 16 01 00 00 00 00 01 00 00 00 00 08 10 13 02 00 00 00 00 00 00 00 00 00 00 00 00 00 00 00 00 00 04 00 00 00 00 255 00 00 00 00 255 255 255 00 00 255 255 04 00 00 255 255 255 255 00 00 00 00 00 00 00 255 255 00 00 11 255 00 00 255 00 00 00 00 00 03 255 00 255 255 00 00 255 00 00 255 01 00 00 00 01 03 31
01 00 00 02 00 00 00 01 03 00 03 00 00 00 03 05 255 00 03 01 00 00 00 00 00 00 10 00 00 00 255 00 03 02 00 06 00 00 255 00 00 00 255 255 255 06 255 255 00 00 00 00 00 255 255 255 255 00 00 00 255 00 00 00 255 255 255 255 00 00 00 255 255 00 00 255 44 20 12 255 15 18 09 09 255 06 00 255 255 18 04 21 255 00 00 255
00 00 05 00 10 06 00 30 00 00 00 00 00 00 00 00 00 00 00 00 00 00 00 00 00 00 00 00 00 00 00 00 255 11 00 00 00 00 00 00 00 00 255 255 255 255 00 255 00 00 00 00 00 00 00 00 00 00 00 00 255 00 00 255 255 255 00 00 00 00 00 00 00 00 00 255 255 255 00 255 00 02 15 46 18 55 56 29 15 37 41 24 11 50 00 255
10 06 07 20 33 07 09 00 00 00 00 00 00 00 00 00 00 00 00 00 00 00 00 04 00 00 00 00 00 00 00 00 00 00 00 00 255 00 00 00 00 00 255 00 03 255 00 255 00 255 00 08 00 255 255 255 00 00 255 255 00 00 255 00 00 255 00 255 00 00 00 00 00 00 255 05 00 00 00 00 00 00 255 00 00 00 00 02 50 14 20 23 14 255 65 00
71 34 06 16 07 05 255 255 02 00 00 255 00 00 00 00 02 00 00 00 00 00 00 00 00 00 00 00 00 00 00 00 00 00 00 00 255 255 255 00 00 255 255 255 255 255 255 01 255 255 00 00 00 255 255 00 00 255 00 00 255 00 255 255 00 00 00 255 00 00 00 255 00 00 09 00 00 255 00 00 00 00 00 255 255 00 255 00 00 00 255 10 29 12 12 38
255 46 28 01 08 02 05 02 255 00 00 00 00 00 00 00 00 00 04 00 00 00 10 00 00 00 00 00 00 00 00 00 00 00 00 00 00 255 01 03 00 255 04 16 00 255 00 00 00 00 255 02 00 255 00 00 00 00 255 255 00 00 00 255 00 00 00 00 255 00 02 255 00 00 00 255 00 00 16 255 255 255 00 00 255 255 00 02 255 255 00 00 00 00 100 92
06 255 55 00 04 01 01 01 00 12 00 00 00 00 00 00 00 00 00 06 00 00 82 255 00 00 00 00 00 00 00 00 00 00 00 00 00 00 00 00 255 255 00 00 00 255 00 71 00 00 00 00 00 255 255 00 255 00 00 255 00 02 11 255 00 00 00 00 00 00 00 255 00 255 255 255 00 00 00 255 05 255 255 00 00 00 00 40 33 00 00 00 12 255 255 255
00 255 255 00 06 13 00 10 09 00 00 09 00 00 00 00 00 00 00 08 00 00 12 255 06 00 00 00 00 00 00 00 00 00 00 00 00 00 00 00 255 255 00 255 00 00 00 255 00 00 255 00 00 00 00 00 255 00 00 00 255 00 255 255 00 00 255 00 00 00 255 00 09 255 00 255 255 255 255 255 00 00 255 255 00 255 255 255 255 00 00 00 255 255 255 255
00 33 255 01 08 14 07 05 00 00 00 00 00 00 00 00 00 00 00 01 00 00 00 10 255 00 00 00 00 00 00 00 00 00 00 00 00 00 00 00 255 00 01 00 255 00 00 00 00 00 00 00 255 00 00 255 00 00 00 00 00 00 00 255 00 00 00 255 00 00 255 255 00 00 00 255 255 255 00 255 255 00 00 00 01 255 00 00 255 255 255 255 255 255 00 255
255 255 00 01 01 03 03 08 01 00 03 00 00 00 00 00 00 00 00 00 00 00 00 00 00 00 00 16 00 00 00 00 00 00 00 00 00 00 00 255 00 00 00 00 00 00 00 07 00 00 255 255 00 00 255 03 255 06 00 00 03 00 255 255 00 00 00 00 00 255 00 255 00 00 255 255 255 255 255 255 255 04 255 255 00 00 00 255 255 255 255 00 09 00 00 01
255 255 12 01 00 08 35 12 25 07 00 02 255 00 07 00 00 00 00 00 00 00 00 00 00 00 00 01 00 00 00 255 00 00 00 00 05 06 255 255 00 00 255 255 255 00 00 00 255 255 255 255 255 255 00 00 00 00 05 00 25 00 255 255 00 00 00 255 00 00 00 00 00 255 255 00 00 255 255 00 00 255 255 255 255 255 00 08 13 255 255 00 255 00 04 05
