packages/cartolidar/cartolidar-0.0a14-py3-none-any.whl/cartolidar/data/asc/PuenteDuero/348_4600_2017_fcc3m.asc
ncols 200 
nrows 200 
xllcenter 348005.000 
yllcenter 4598005.000 
cellsize 10.000 
nodata_value 255 
[rows 0 to 54 of 200, columns 96 to 191 of 200]
40 15 09 00 28 00 10 64 03 00 00 00 05 20 00 19 34 30 16 32 03 08 60 36 19 48 10 25 05 05 35 02 10 56 16 16 13 81 05 11 26 02 09 02 03 01 11 15 02 00 17 09 02 19 10 05 31 04 35 28 04 10 01 06 19 00 22 00 03 05 05 01 00 25 17 44 15 26 06 09 14 16 00 00 01 01 01 00 03 00 02 02 10 05 00 10
32 02 08 05 90 04 12 01 02 00 03 00 08 55 14 39 20 43 51 09 05 15 12 08 09 23 75 52 69 48 76 88 10 08 31 24 29 34 56 01 22 05 35 00 19 06 20 10 14 04 30 04 14 34 18 03 07 05 08 04 01 16 05 05 11 03 02 01 07 02 03 06 17 100 10 20 13 09 28 33 24 23 06 00 16 02 08 01 02 02 00 32 10 06 00 31
18 09 12 19 20 02 02 05 24 00 00 01 19 13 22 37 03 00 27 07 28 77 59 02 14 51 12 16 15 58 16 36 41 00 07 07 01 22 16 08 12 11 01 13 49 13 16 02 01 48 13 07 29 12 10 14 17 08 09 01 12 19 05 32 11 00 06 05 05 12 00 10 10 15 04 06 27 20 14 09 02 37 03 22 18 19 16 00 00 03 00 62 19 67 09 00
31 06 00 24 01 23 03 05 01 00 04 00 08 16 37 15 55 17 42 08 07 03 46 16 03 14 02 19 28 62 75 49 07 12 11 31 47 79 14 20 13 19 03 07 17 14 06 02 05 18 18 05 07 00 06 00 33 08 04 10 12 00 17 37 14 05 17 06 01 28 11 07 08 11 16 50 33 26 17 09 18 22 12 43 21 33 20 24 00 00 21 55 22 07 11 25
01 00 00 06 41 24 01 01 00 03 01 01 10 18 20 15 38 34 45 22 63 14 24 00 44 18 16 44 16 64 24 35 46 19 32 08 15 14 00 15 08 12 06 07 25 26 10 10 02 01 04 30 03 18 03 06 31 14 26 32 05 01 11 00 01 05 42 48 22 36 18 04 02 41 26 26 12 71 28 05 06 03 47 43 36 04 29 63 09 00 02 40 23 33 41 19
13 22 11 25 01 17 34 12 00 00 08 94 39 04 02 40 06 67 22 52 15 07 54 01 38 01 41 28 64 46 68 25 51 44 15 09 29 02 00 14 01 17 00 02 05 00 01 14 00 04 00 04 02 02 00 08 00 11 03 32 09 00 13 23 01 15 23 13 40 03 05 05 03 17 01 05 01 16 37 45 03 07 06 52 54 14 17 07 00 00 09 45 70 12 04 02
05 01 00 15 10 00 00 00 00 00 04 37 14 07 17 46 09 43 00 04 28 65 44 44 66 09 45 41 00 05 11 06 23 09 10 05 05 00 00 04 00 08 11 00 07 06 01 03 09 01 21 05 01 03 01 01 00 02 08 18 15 12 05 01 20 02 46 01 04 23 18 53 37 13 18 34 09 02 27 36 11 09 11 54 11 00 31 36 14 17 19 14 34 12 05 29
07 03 04 00 62 06 86 21 07 07 00 10 44 36 14 07 12 33 08 20 00 09 28 25 44 29 75 76 20 50 44 28 15 23 02 17 33 49 08 00 08 17 06 06 02 06 00 23 03 00 17 11 03 03 00 00 13 00 01 03 03 39 12 22 14 12 09 04 84 18 04 08 00 01 20 05 03 02 04 20 17 15 30 24 26 57 06 42 22 40 17 08 12 25 12 02
05 11 04 16 43 18 29 16 71 67 00 02 42 00 08 15 23 34 37 26 00 00 00 11 26 11 09 60 71 20 32 15 09 21 29 00 00 15 06 08 03 21 00 01 03 00 03 00 62 17 00 02 10 19 00 00 02 12 25 23 06 08 26 01 20 09 01 23 29 02 00 00 04 51 07 04 29 90 61 00 00 15 09 32 45 49 24 08 35 00 23 46 04 05 02 22
05 07 06 11 31 03 15 25 55 02 24 02 06 07 04 01 13 18 23 44 19 19 44 54 31 00 24 13 29 08 07 03 00 04 01 00 01 24 25 06 14 03 06 00 05 00 00 01 32 16 01 00 00 10 00 03 01 14 11 13 04 36 89 20 11 01 02 15 39 29 04 01 02 33 07 06 41 24 72 09 04 79 15 19 78 84 45 15 11 17 15 08 37 36 06 19
28 03 10 08 05 46 38 13 24 05 02 20 03 14 12 10 10 12 07 02 85 58 06 40 78 11 07 14 02 20 17 05 01 02 02 00 00 00 04 00 04 13 00 00 00 10 00 08 09 08 24 07 00 17 35 10 08 09 25 21 12 31 06 03 00 00 04 20 34 34 19 06 13 21 93 05 02 17 16 01 00 47 23 42 00 07 36 20 14 20 39 42 19 25 03 30
06 10 26 27 01 18 23 01 17 41 17 32 03 03 16 08 39 02 21 36 05 33 33 23 21 02 04 12 52 13 13 26 02 00 19 14 11 08 12 01 16 08 06 02 16 27 01 09 11 10 07 40 08 02 20 00 01 39 37 14 12 47 09 06 00 01 11 00 02 12 02 17 15 23 100 30 03 40 16 01 05 01 12 09 19 13 19 15 00 16 14 06 09 40 40 10
30 18 25 09 42 28 47 19 04 02 17 43 01 01 05 01 32 25 07 14 20 23 58 45 27 07 00 26 05 02 06 53 07 17 09 08 14 03 07 28 06 18 12 04 00 18 00 12 00 07 14 23 20 06 02 04 00 06 10 07 38 21 35 01 00 90 34 03 11 36 34 26 01 25 51 02 10 24 08 15 20 13 00 04 67 78 04 19 24 00 25 36 14 19 09 07
29 14 100 22 22 03 01 31 20 08 21 58 14 32 03 04 13 16 32 32 61 48 54 10 86 40 01 09 07 30 06 00 38 00 24 16 11 03 01 26 24 11 17 01 11 08 05 15 07 09 01 21 38 81 11 08 12 12 20 03 43 09 08 22 30 44 27 14 16 17 19 14 10 06 21 19 05 31 17 00 00 19 12 16 30 69 02 00 00 28 68 71 32 08 53 42
02 06 13 06 15 55 12 03 06 25 04 06 19 18 15 02 09 17 36 08 21 15 23 43 24 16 02 22 11 26 05 28 01 00 00 06 19 14 15 00 13 39 26 10 12 30 26 45 36 69 24 14 01 04 00 35 07 12 27 11 53 00 14 37 27 13 16 42 35 25 42 07 16 13 12 13 48 33 46 05 00 00 03 03 00 00 00 01 05 32 30 06 04 18 07 14
12 73 17 07 21 19 06 80 73 32 07 03 27 08 02 23 50 09 19 54 52 41 18 14 07 11 10 03 00 02 13 14 00 00 10 20 05 01 13 32 38 04 26 51 07 13 13 21 32 15 00 00 41 03 04 27 33 06 02 46 10 07 09 10 12 27 06 03 20 15 29 16 18 23 18 45 09 08 23 00 37 08 71 08 00 00 07 09 16 35 30 62 11 12 10 04
18 07 09 38 24 26 25 13 07 05 00 02 30 25 06 25 05 00 10 31 15 25 06 22 13 01 35 04 09 00 04 16 18 32 01 00 09 34 72 11 13 21 00 10 38 48 25 13 01 02 04 47 18 00 06 12 36 36 02 21 02 10 09 26 17 05 10 05 18 22 02 02 72 20 16 12 00 44 28 29 14 22 32 32 35 00 15 60 02 00 45 72 20 31 14 22
08 30 78 07 22 25 58 15 11 10 22 19 11 24 01 44 48 00 07 57 14 25 30 38 00 17 03 04 18 15 07 24 05 00 01 24 15 07 25 04 10 10 04 03 02 00 00 05 40 100 40 45 22 14 01 02 15 00 14 03 28 23 14 12 27 12 12 29 27 22 14 14 15 71 11 38 18 12 10 52 02 55 01 00 00 15 53 29 12 06 26 41 24 19 24 09
26 31 35 27 18 25 09 08 06 14 05 01 24 03 05 10 63 31 42 11 15 69 15 03 46 23 05 12 36 17 06 33 05 04 37 00 32 01 00 02 26 66 33 00 27 07 01 15 38 27 12 33 00 00 01 13 08 28 28 11 03 12 11 17 12 28 16 43 03 02 32 50 00 00 00 21 06 00 21 15 00 04 07 08 00 52 21 00 05 01 47 00 31 20 38 36
05 14 08 09 04 26 09 01 26 75 34 29 07 05 15 53 57 44 26 68 37 11 16 06 00 00 02 33 15 08 08 31 08 07 67 09 21 08 09 47 14 21 07 27 43 13 06 09 00 27 27 12 05 12 06 06 09 04 10 47 10 39 14 20 16 60 29 23 01 00 09 13 27 00 25 07 87 10 04 18 05 11 00 05 02 00 41 18 19 65 07 10 32 17 13 18
13 21 15 29 19 15 04 01 67 14 20 00 02 18 19 09 31 06 15 35 03 03 00 00 02 11 11 35 02 05 09 10 08 03 15 21 19 06 09 15 01 15 11 14 01 08 11 07 02 17 32 18 00 00 44 05 00 08 09 35 30 22 33 38 35 15 31 62 02 28 18 21 31 23 11 18 52 03 00 17 00 00 01 66 16 10 46 56 14 65 08 10 29 04 54 26
46 50 14 20 06 02 03 25 08 04 42 14 77 13 12 14 19 17 06 03 00 01 00 01 02 11 01 05 08 01 20 15 03 13 05 21 06 02 00 18 00 01 25 00 17 26 03 16 09 07 06 06 04 29 00 00 08 15 13 06 39 12 22 23 10 21 54 08 08 28 39 36 10 43 49 36 45 02 00 11 25 06 00 57 34 22 03 00 10 39 16 04 95 46 39 10
02 26 16 00 32 29 47 30 07 65 65 21 78 62 39 14 15 06 03 03 00 02 00 02 01 07 02 12 40 16 04 12 18 09 03 09 02 39 10 05 06 04 18 03 00 12 20 06 23 06 07 28 01 23 14 03 01 11 28 28 06 13 09 18 96 13 31 26 07 29 07 12 31 06 34 13 25 25 00 31 55 28 16 28 04 28 64 25 40 27 69 19 64 25 38 12
23 22 20 30 38 08 27 26 02 44 38 36 48 23 55 85 15 01 01 00 04 00 14 34 00 02 11 01 16 00 14 13 16 10 07 03 01 52 11 01 11 14 30 01 02 00 04 32 19 04 50 58 01 02 18 38 35 39 36 00 08 19 51 46 02 06 00 06 17 05 34 02 41 42 27 04 13 09 29 20 24 02 00 14 29 54 07 62 33 21 13 06 31 17 21 20
14 29 50 12 68 06 20 28 28 15 05 59 38 63 15 10 02 01 06 05 07 00 10 16 24 03 11 06 02 16 01 01 01 00 44 11 01 00 00 27 42 07 07 08 01 48 06 09 00 01 02 19 03 14 05 41 43 00 10 13 64 18 11 16 40 76 03 00 18 35 07 06 16 00 08 05 01 15 21 18 05 05 33 02 54 75 22 21 27 05 26 32 15 26 01 49
12 42 23 00 50 04 17 44 87 30 67 52 12 00 01 00 00 22 08 14 21 17 31 04 19 04 05 00 02 15 00 06 01 04 02 07 07 04 12 100 28 03 02 21 04 01 00 11 01 00 75 29 04 00 00 50 05 00 06 43 35 06 05 37 13 25 45 00 00 31 100 61 11 00 00 00 28 42 00 11 00 00 17 05 20 11 36 37 08 21 27 09 42 22 65 36
57 14 00 00 43 24 53 30 33 09 60 48 12 08 11 17 19 15 00 51 07 00 07 16 08 23 18 04 14 84 09 07 13 18 34 00 14 17 13 66 26 02 14 17 59 11 12 56 97 42 06 28 26 36 16 00 00 03 94 30 12 06 33 58 05 42 47 20 02 12 25 17 21 00 19 06 19 53 03 42 20 00 02 01 07 50 48 45 08 21 14 07 08 12 52 12
01 31 17 28 63 56 17 48 28 51 31 03 04 13 32 32 10 03 07 08 00 08 02 07 05 53 29 05 01 48 22 01 26 04 01 06 01 00 03 01 02 00 13 15 88 05 07 19 13 35 10 04 13 07 06 34 38 07 46 13 80 47 24 01 08 52 14 04 50 46 36 18 22 04 00 32 04 16 10 27 37 00 00 00 10 38 28 32 35 15 21 08 19 11 36 82
17 14 95 18 65 85 34 78 14 14 22 16 01 45 10 04 51 09 02 12 00 13 06 00 05 05 04 01 37 30 19 00 20 18 35 65 05 01 02 09 73 06 13 48 27 00 00 00 00 16 27 06 47 27 14 28 51 00 00 01 15 34 64 65 00 00 32 03 32 58 37 00 06 15 02 40 18 18 13 00 05 00 00 00 12 07 35 05 13 03 25 18 18 02 05 55
07 18 84 05 56 14 10 70 28 02 01 02 06 17 51 33 08 20 44 15 17 10 10 03 07 04 39 05 52 11 00 22 04 12 10 08 04 06 01 01 06 32 90 80 25 00 12 01 06 32 04 00 12 23 06 05 64 93 12 17 01 05 40 25 17 12 48 21 25 12 17 02 02 02 25 27 00 44 19 22 01 11 00 06 07 02 45 27 76 20 14 19 87 42 05 18
36 29 37 46 37 45 26 13 22 01 03 05 00 00 01 07 06 00 00 68 02 20 13 04 29 00 16 18 53 05 38 02 20 13 00 00 09 72 00 05 00 01 22 21 04 02 36 83 75 12 00 19 16 66 02 00 20 24 55 80 10 24 11 21 26 28 32 10 01 00 16 06 00 00 17 37 01 21 20 07 25 12 03 37 19 01 08 00 22 29 20 19 14 19 37 23
27 27 00 29 26 28 18 02 06 06 26 15 12 59 10 05 01 05 03 10 03 08 04 11 09 05 01 04 46 14 47 00 35 28 30 35 01 12 00 02 29 13 00 07 12 14 18 14 01 30 03 00 04 46 34 02 00 12 57 17 44 04 00 35 08 42 31 31 23 39 31 11 17 17 00 35 01 21 25 04 08 10 05 22 09 08 00 02 68 15 07 10 47 16 13 09
38 22 04 15 07 20 00 00 22 00 00 02 02 01 14 13 09 06 05 09 15 07 16 14 14 02 00 15 13 82 56 03 17 10 05 02 02 46 13 22 89 100 27 06 07 09 14 03 22 43 00 00 07 16 00 06 25 00 10 02 36 00 00 16 07 20 84 53 16 36 25 08 46 11 06 25 09 54 33 09 15 58 07 00 21 34 06 22 03 02 15 44 63 31 58 12
50 40 51 16 25 70 16 11 33 01 10 41 01 01 00 03 00 04 07 00 08 03 12 17 23 18 15 14 05 33 07 36 27 04 05 09 18 31 16 05 33 29 01 05 22 75 31 11 26 47 09 01 51 11 00 00 01 47 00 00 00 02 55 30 34 03 28 39 08 05 50 18 47 22 14 12 29 10 15 04 05 10 91 32 05 15 12 14 68 11 12 10 09 22 56 08
10 06 10 25 11 26 06 06 02 03 00 10 01 00 09 15 23 00 10 13 10 05 08 42 18 11 07 37 05 31 34 76 16 16 22 25 01 00 13 09 54 01 00 57 20 46 63 01 07 17 12 38 74 08 38 33 06 55 25 00 05 38 51 07 04 00 24 26 00 03 46 24 44 10 16 48 00 15 11 13 37 20 23 18 11 30 32 05 10 38 12 05 40 13 38 09
08 23 12 04 18 36 05 00 02 07 03 03 00 06 02 11 28 04 39 03 08 08 13 07 12 02 00 30 06 44 06 03 54 15 11 47 14 13 16 00 06 09 00 47 100 18 23 21 05 53 27 86 32 10 100 76 60 61 14 13 00 00 22 52 64 10 02 00 00 00 66 45 03 20 06 03 11 34 07 11 65 85 12 13 21 20 14 00 30 13 25 04 49 26 06 05
25 21 41 20 22 30 24 08 05 54 07 00 03 12 04 09 13 01 02 17 13 02 12 13 01 07 11 01 09 85 16 03 14 01 15 85 03 15 02 01 10 58 13 27 71 31 00 12 02 95 73 100 71 01 35 66 30 18 62 20 01 00 42 44 31 12 50 05 00 01 26 76 26 16 04 07 62 29 15 00 02 63 24 15 49 00 12 15 01 24 33 01 73 04 17 04
43 01 07 50 06 05 24 09 07 08 00 05 00 03 09 19 07 01 02 15 03 06 04 15 08 26 29 15 32 13 10 17 13 01 29 17 00 00 15 00 13 06 20 10 30 01 00 01 00 13 26 40 01 00 17 19 29 38 00 73 26 02 18 10 20 01 38 51 16 35 32 50 15 18 17 60 25 33 00 01 20 71 06 26 31 22 08 05 06 02 12 32 50 13 29 14
14 51 17 45 10 15 05 09 00 03 06 08 10 35 08 03 00 08 09 20 11 04 07 00 01 09 04 36 19 02 10 01 52 16 26 10 22 15 04 00 05 12 13 04 42 10 56 05 02 00 00 01 49 28 42 15 22 30 01 38 11 23 12 11 12 08 07 02 01 03 25 25 20 01 00 05 09 20 42 60 07 03 52 13 27 20 05 15 12 37 02 01 30 04 30 12
39 32 33 36 02 05 03 15 04 02 01 01 02 05 13 06 11 17 00 01 01 04 02 15 04 00 06 10 06 08 29 14 04 27 32 05 30 11 04 06 01 05 16 00 27 04 17 47 51 15 03 06 75 37 32 13 58 20 42 06 05 45 31 22 13 27 73 29 27 11 10 42 33 06 00 07 04 32 12 68 36 04 16 17 25 36 37 15 38 12 15 08 38 09 29 25
16 08 18 54 07 10 02 00 24 06 08 17 24 07 12 05 04 02 08 02 18 02 03 05 12 09 07 06 64 36 38 21 04 11 35 10 04 83 23 01 25 00 05 52 27 18 30 89 60 38 13 08 17 16 06 20 31 60 22 24 14 07 53 27 01 03 03 07 33 08 01 08 27 29 23 09 08 02 19 09 07 31 11 22 29 31 57 04 08 01 10 13 15 62 50 17
46 12 47 31 06 02 06 39 10 05 30 29 13 00 03 03 00 05 08 05 13 00 07 11 00 15 22 27 26 16 07 00 09 24 44 24 07 10 03 28 08 03 45 46 06 08 03 30 36 23 48 04 04 22 01 22 35 12 25 62 02 01 54 45 15 08 20 02 01 49 68 26 02 59 01 08 23 23 05 02 03 19 29 44 23 00 60 40 45 27 16 09 18 00 17 07
27 48 58 57 39 10 37 05 06 01 00 20 14 30 10 06 15 05 10 02 00 24 05 00 09 41 20 07 12 05 01 11 90 25 20 16 05 08 28 12 00 02 20 00 26 02 06 18 26 52 94 00 05 27 08 20 07 00 14 31 00 03 33 09 06 07 17 26 43 38 16 12 19 16 03 18 63 36 14 00 00 04 15 06 23 00 10 00 00 65 04 02 01 10 39 27
07 25 10 07 36 14 24 00 01 06 06 09 03 23 00 02 06 03 00 00 12 01 08 13 01 04 11 05 04 04 58 38 33 02 18 00 00 14 51 25 01 16 14 00 22 10 00 08 31 10 05 39 20 24 02 17 07 01 06 08 00 02 21 16 80 12 15 15 14 20 09 03 31 28 00 00 11 02 14 00 00 01 25 09 10 32 13 16 18 22 06 09 08 15 05 36
36 06 47 40 11 04 07 07 05 02 00 44 11 04 01 25 09 03 07 04 68 08 00 07 05 08 02 08 04 03 07 32 68 06 14 15 19 13 21 14 09 04 28 04 58 10 00 19 32 36 00 37 14 08 15 10 17 60 59 05 12 18 00 00 14 00 14 16 02 01 16 13 03 16 04 02 22 54 14 48 14 01 41 13 09 15 02 10 08 08 02 00 25 22 02 33
40 18 16 52 15 08 15 02 10 16 07 00 10 19 00 01 03 01 04 02 52 14 02 20 05 18 08 00 24 07 04 02 03 10 23 15 09 02 18 00 05 11 20 00 05 14 09 05 12 13 25 14 33 09 30 13 46 13 42 18 39 20 16 03 01 00 00 10 03 00 08 27 16 15 07 02 02 01 21 27 39 05 27 25 02 20 34 15 04 29 19 36 12 22 48 00
28 10 40 03 00 09 01 25 19 07 17 00 05 07 03 00 06 04 16 02 00 04 00 00 15 14 04 17 10 18 15 14 07 24 16 50 30 02 05 01 04 22 43 22 08 45 03 03 06 03 00 22 13 06 15 25 25 04 14 24 10 68 00 05 04 00 20 48 08 22 22 00 11 10 07 03 12 09 25 31 33 47 15 15 36 05 06 21 64 17 05 01 01 13 35 26
27 18 38 00 00 07 08 00 07 01 11 11 04 00 00 00 04 35 25 05 08 30 02 00 18 22 00 00 01 15 09 01 15 52 33 16 39 00 01 03 75 12 13 19 06 70 11 05 15 21 08 00 40 53 15 70 23 17 18 09 59 26 32 38 11 04 14 31 16 06 06 00 01 04 01 00 17 23 25 10 30 27 09 23 34 25 17 11 48 08 10 05 12 29 14 22
08 14 67 03 04 01 05 25 13 34 23 02 03 18 00 02 00 01 15 00 22 15 19 00 00 01 08 00 14 10 12 06 08 26 47 07 16 03 17 12 14 26 00 03 01 12 14 09 20 32 72 00 00 20 09 36 08 18 13 03 18 01 06 32 00 01 19 06 04 10 28 28 04 01 02 09 00 05 38 12 11 13 18 22 09 32 04 14 39 08 04 23 10 07 02 26
02 15 04 05 08 14 23 07 17 13 10 00 01 05 04 39 02 08 03 00 06 02 00 03 20 30 17 06 00 03 00 14 23 68 14 01 07 03 13 00 14 00 08 01 00 01 70 33 06 13 09 01 04 11 02 47 12 32 29 66 08 00 01 18 00 42 14 17 31 07 20 18 00 00 00 01 24 39 69 20 18 43 03 09 04 15 01 06 12 42 02 01 10 16 15 36
00 20 02 21 06 07 03 05 02 07 00 03 03 21 00 05 01 02 06 00 06 32 02 17 36 23 32 03 01 44 10 05 01 00 19 40 00 01 02 13 18 27 16 14 06 17 25 08 11 28 54 01 16 36 20 39 10 29 07 21 52 09 17 33 08 46 12 05 09 00 11 26 02 00 00 04 09 12 01 00 00 00 00 16 11 01 00 21 02 20 16 01 00 08 03 09
02 19 16 06 05 09 02 03 28 12 09 18 04 37 21 56 00 02 07 00 23 45 75 11 00 30 21 02 06 00 08 04 00 00 10 10 02 01 00 01 10 41 46 20 21 25 45 15 07 00 02 12 42 94 15 00 16 04 00 16 30 49 16 26 18 25 02 21 57 00 12 58 00 00 00 23 59 10 00 00 13 19 07 23 34 11 00 00 00 20 01 02 24 27 25 33
04 14 07 06 02 01 06 04 01 01 08 05 13 08 18 70 24 20 31 00 09 20 14 09 07 02 09 09 12 00 20 00 00 08 11 04 00 01 00 00 06 44 42 02 14 18 13 25 00 01 01 03 03 44 41 02 31 22 18 16 00 06 03 04 36 11 05 14 01 33 00 16 03 01 01 06 46 60 14 05 09 14 45 00 05 11 08 14 10 02 14 48 22 14 25 36
00 02 03 07 00 11 07 04 04 05 12 08 03 14 09 22 79 77 29 11 20 10 06 13 08 02 05 01 01 06 07 11 05 10 20 08 01 04 00 01 01 05 10 44 07 34 02 01 00 03 03 09 25 05 00 40 06 06 50 11 00 05 04 02 02 31 54 00 00 00 00 27 26 21 04 07 55 03 06 10 75 30 94 47 52 24 09 01 30 12 45 35 19 13 12 28
01 00 00 00 00 15 00 00 05 10 05 06 08 05 27 03 04 29 05 09 05 00 20 33 84 00 14 08 00 26 02 10 23 04 08 65 06 10 01 11 05 00 01 14 04 00 02 08 08 24 08 06 10 15 14 36 21 07 10 11 02 00 00 02 09 48 07 02 00 00 00 10 40 43 18 28 05 00 25 23 14 29 09 28 25 00 01 02 10 11 44 06 34 04 41 10
