packages/cartolidar/cartolidar-0.0a14-py3-none-any.whl/cartolidar/data/asc/PuenteDuero/348_4602_2017_fcc3m.asc
ncols 200 
nrows 200 
xllcenter 348005.000 
yllcenter 4600005.000 
cellsize 10.000 
nodata_value 255 
[rows 55 to 109 of 200, columns 96 to 191 of 200]
00 04 02 00 06 61 68 03 56 66 05 38 65 11 45 47 00 40 00 00 63 43 10 88 00 00 37 10 33 46 12 63 63 43 07 18 00 05 21 76 22 65 00 01 28 30 09 00 24 83 27 08 12 86 06 48 14 23 25 27 08 36 14 64 91 23 43 25 49 29 28 08 54 18 30 00 00 79 21 13 60 05 31 30 31 08 36 33 62 37 23 50 57 08 00 01
01 63 03 59 40 24 08 02 00 18 28 24 16 07 00 35 00 14 13 00 24 83 08 74 37 16 33 46 31 26 17 00 12 56 39 36 38 08 13 04 50 17 06 24 43 26 46 01 09 55 02 01 00 46 00 85 02 19 70 16 22 27 61 27 17 52 24 09 17 16 19 24 11 12 25 03 00 02 00 23 24 00 01 13 07 39 40 08 10 20 01 28 24 08 04 17
20 41 69 05 34 68 39 23 00 29 39 58 20 27 40 43 03 37 25 00 00 07 00 33 01 30 15 51 00 50 48 00 02 00 30 28 12 11 74 01 36 08 61 77 13 00 00 43 00 57 54 03 11 55 13 41 34 00 45 23 21 58 75 38 39 48 23 79 13 39 34 15 34 20 64 12 07 38 09 18 08 00 15 02 18 31 17 20 14 12 25 07 15 22 31 15
05 02 17 59 28 36 16 36 05 20 17 00 00 23 16 33 66 36 76 00 00 00 00 00 17 14 12 31 00 89 00 00 00 00 00 24 29 00 47 60 46 48 45 22 00 00 08 32 02 66 78 30 32 52 04 77 13 71 65 10 20 47 30 18 29 62 19 40 38 00 58 32 08 01 01 42 00 25 00 07 06 00 40 02 16 05 20 38 32 28 02 01 08 03 30 56
70 00 51 40 09 39 29 48 07 00 00 00 00 55 24 18 40 17 46 08 41 09 20 00 37 02 00 75 09 00 00 00 00 00 17 05 01 00 05 33 47 00 37 00 00 00 33 96 65 19 75 66 100 16 02 83 48 09 08 93 11 01 12 49 41 80 00 30 10 16 35 27 02 53 20 22 15 25 02 08 36 00 45 07 00 12 30 06 00 00 02 14 38 00 00 49
00 09 40 07 25 37 11 00 65 61 34 00 70 05 06 15 34 41 20 30 32 53 32 00 00 77 42 26 15 00 00 01 58 00 44 65 18 10 36 19 23 45 00 00 01 20 00 59 28 39 78 08 00 51 03 08 04 00 00 14 44 48 07 66 24 04 09 46 11 01 31 61 21 33 17 34 40 18 06 07 20 22 63 08 02 72 04 28 09 21 40 50 21 43 39 22
00 18 76 00 43 16 59 62 36 10 50 01 09 00 36 15 52 44 22 79 00 22 01 51 04 15 74 76 55 00 08 30 96 00 03 07 24 17 30 03 50 69 29 00 43 43 14 79 01 84 10 00 15 03 31 03 35 40 26 31 19 39 08 03 00 18 57 22 07 39 19 21 37 41 10 15 44 47 43 01 35 07 10 33 11 28 26 37 63 53 43 17 36 27 15 07
00 13 82 06 01 27 71 00 18 23 23 23 28 29 47 06 18 00 39 04 15 85 02 60 76 48 00 08 00 29 19 66 00 00 21 25 17 31 12 00 02 28 11 00 35 07 00 24 03 00 01 00 21 45 67 48 84 15 65 21 41 56 26 04 05 02 76 18 36 18 13 25 28 22 20 25 22 18 20 16 12 00 08 35 51 16 33 20 43 22 49 27 22 27 29 59
00 00 13 79 32 96 73 41 00 45 24 06 30 57 26 00 14 42 79 15 74 69 36 100 26 00 42 16 00 19 46 24 09 26 00 00 00 18 47 00 19 65 00 00 28 77 00 50 82 56 50 00 10 76 89 84 25 35 17 18 00 14 29 05 39 17 00 43 10 10 18 52 15 38 35 21 20 37 39 53 08 21 00 40 18 41 34 50 00 34 15 19 07 26 48 13
00 00 00 31 17 03 01 00 02 01 95 27 54 48 38 00 77 64 13 00 00 04 00 00 00 00 07 04 10 29 24 07 39 41 41 06 08 06 34 01 44 33 22 00 01 00 00 03 13 26 17 00 00 04 66 84 31 32 14 04 54 48 10 18 53 16 00 12 53 51 15 44 12 46 02 55 18 20 40 26 37 52 12 55 00 26 09 18 41 27 47 44 39 15 14 15
00 03 00 00 00 00 00 00 01 17 00 00 00 00 00 00 00 12 00 00 00 00 00 00 00 00 33 03 12 05 44 08 54 29 11 60 23 06 39 00 00 09 12 00 00 42 22 18 68 13 33 05 02 79 28 57 02 70 11 53 13 14 00 00 07 00 52 02 00 00 18 37 15 26 45 29 16 17 02 48 08 37 00 24 18 59 35 40 42 28 24 08 43 38 32 42
43 14 04 00 00 00 00 00 00 00 00 00 01 38 00 00 12 23 06 00 00 00 07 26 61 38 89 28 34 44 03 41 53 51 21 64 39 00 00 00 35 06 10 01 00 34 16 46 63 15 78 23 54 59 01 00 06 35 00 15 60 07 55 16 00 32 25 08 05 00 05 20 40 12 48 13 08 30 01 35 25 42 32 10 16 04 74 49 51 68 28 21 09 07 15 24
22 00 00 30 16 07 12 37 16 07 30 01 00 21 20 05 16 32 00 00 00 02 16 50 72 60 25 40 42 82 12 16 59 00 04 18 46 00 32 52 46 00 51 30 59 43 11 16 51 01 25 52 22 05 48 68 52 22 06 41 00 57 14 10 28 40 40 46 26 23 00 23 25 14 15 37 02 23 07 08 36 02 13 00 40 36 28 00 29 16 77 57 44 25 19 60
00 00 16 09 02 45 88 71 85 52 87 58 37 31 95 41 35 44 00 00 00 29 66 24 32 18 57 27 14 37 85 39 32 54 30 53 05 28 35 10 37 13 00 01 47 16 72 21 27 00 18 83 00 31 01 38 31 43 00 42 00 52 10 20 31 48 20 60 37 04 34 53 25 34 54 64 25 27 02 22 06 13 49 59 35 66 41 07 69 13 11 27 16 40 34 44
02 27 37 60 09 43 48 34 12 27 46 34 59 60 97 61 00 08 00 21 07 18 17 95 37 44 55 23 50 48 52 12 49 19 53 70 20 21 28 20 00 08 02 47 01 05 45 07 08 37 00 19 11 93 05 43 73 08 48 00 00 47 34 17 47 46 27 52 19 36 44 30 09 35 22 00 00 33 10 22 08 16 58 02 45 22 73 59 32 54 15 68 21 48 57 13
02 02 04 00 00 00 18 79 69 30 88 23 48 86 51 08 73 00 00 16 07 22 11 00 00 30 24 16 05 06 49 25 11 29 50 00 17 12 34 04 00 67 71 98 00 48 36 58 16 72 13 00 32 81 00 00 00 00 00 00 07 45 13 33 30 16 39 29 41 03 36 30 31 32 00 00 04 18 13 53 11 01 09 41 39 29 13 27 35 34 64 03 29 21 34 33
77 25 02 30 18 04 00 01 15 02 46 02 00 17 13 00 55 26 00 00 32 00 00 08 57 34 40 11 33 19 43 25 65 46 05 00 10 00 25 50 00 57 30 32 53 14 17 13 37 15 65 02 42 05 48 00 00 00 43 28 55 76 61 33 15 46 45 44 00 19 31 37 27 33 42 00 01 44 27 18 50 13 31 30 27 57 14 42 36 22 56 26 54 02 00 13
06 00 00 18 02 00 00 06 18 05 03 00 00 00 00 05 21 56 05 09 59 00 00 00 47 59 38 20 24 17 00 22 14 00 01 02 34 18 79 17 18 36 12 18 38 08 18 00 00 16 25 15 97 08 06 00 31 05 05 08 00 00 00 18 81 42 40 28 30 42 27 42 38 19 54 15 00 44 10 00 45 08 53 34 69 11 36 09 54 14 28 01 42 21 04 07
04 08 00 01 00 00 00 00 00 12 03 05 25 00 00 22 00 80 94 05 61 13 00 32 42 02 04 06 00 08 05 00 00 01 43 15 61 72 21 21 19 44 30 50 37 18 68 00 00 08 54 18 00 38 83 12 05 12 05 47 54 27 51 10 03 26 31 27 07 18 23 17 26 31 30 33 32 06 38 05 08 06 23 03 52 12 63 47 16 51 34 13 41 21 32 38
00 13 00 05 00 01 00 25 00 03 04 04 00 01 12 00 00 00 00 00 17 83 02 45 84 46 00 01 06 20 22 43 05 19 83 30 16 42 29 05 04 38 35 48 14 59 66 37 24 09 67 53 07 15 54 08 22 10 00 32 100 71 02 65 32 29 19 23 39 37 41 43 03 25 15 28 08 06 18 30 15 27 37 08 35 54 44 54 44 01 04 04 35 12 10 10
01 05 16 01 14 11 10 00 14 00 00 15 00 00 06 00 00 10 11 25 40 58 12 06 06 72 21 01 08 19 20 15 01 09 21 56 40 06 75 32 53 35 65 25 43 13 15 16 50 36 45 05 77 07 39 00 03 20 08 00 08 00 00 16 18 14 40 16 26 79 23 45 00 30 01 08 44 30 27 00 08 03 00 01 77 24 74 00 70 32 07 00 88 07 63 33
02 23 06 09 12 00 00 00 08 00 00 00 00 00 00 00 00 72 67 47 45 64 31 84 32 95 05 00 00 00 00 00 75 05 22 19 43 61 54 12 25 51 34 39 37 09 15 27 21 40 08 04 15 01 81 04 38 03 01 20 02 21 00 22 48 55 22 64 69 18 41 09 26 12 00 26 01 17 53 11 22 16 03 14 00 00 08 56 97 01 18 55 29 10 34 41
14 15 05 01 00 10 00 11 13 03 09 13 00 00 00 00 41 23 44 60 48 10 48 59 28 93 01 00 00 13 17 05 82 28 09 27 25 33 75 44 23 53 47 65 70 29 28 48 04 60 34 47 80 12 23 08 98 06 00 13 29 01 08 20 50 28 00 13 56 27 54 10 40 41 06 01 25 08 16 16 27 26 23 00 02 18 18 04 10 26 31 39 04 54 00 21
03 10 27 07 05 10 05 03 06 28 00 04 00 30 14 00 00 39 32 75 78 71 35 47 70 01 00 00 12 36 53 01 55 68 08 48 48 23 21 10 42 20 42 33 00 68 59 49 65 02 45 18 03 00 52 20 18 02 23 23 00 17 10 05 01 84 68 22 28 26 12 27 04 01 13 16 20 00 17 16 24 21 13 27 42 10 28 10 14 02 54 66 31 73 44 26
17 01 08 00 00 14 11 00 07 09 05 00 03 02 04 34 00 70 33 35 04 47 27 37 55 26 00 05 90 33 47 37 30 12 44 21 43 45 35 44 37 19 68 10 13 52 44 43 25 77 14 26 36 17 08 65 15 00 00 04 06 10 30 04 05 67 30 50 35 15 04 30 22 22 51 08 28 00 18 31 12 45 00 51 36 33 40 20 31 04 91 05 29 59 09 17
00 05 01 00 08 18 02 03 01 05 00 01 60 22 37 42 26 61 39 37 52 49 50 44 64 30 00 00 03 07 05 43 01 29 42 81 38 42 28 35 56 13 43 25 68 63 01 13 21 42 73 13 11 02 71 24 18 00 00 11 08 03 11 21 05 00 39 91 42 19 14 48 21 54 36 19 71 03 45 13 06 08 24 14 61 05 16 64 35 17 09 77 23 28 26 50
17 42 01 01 05 05 00 40 18 10 11 00 03 18 66 13 43 51 13 19 34 00 56 14 68 00 32 00 52 67 00 50 34 45 63 28 11 36 21 31 65 50 01 29 14 32 02 57 47 29 09 45 11 51 25 31 18 00 00 22 34 38 13 00 02 04 11 35 18 51 09 20 13 11 16 36 15 20 41 40 00 22 20 25 01 20 00 01 24 40 02 45 14 30 58 07
00 43 15 05 06 13 25 57 18 73 06 16 37 00 66 58 97 00 25 34 85 44 32 11 15 04 41 25 47 22 16 55 42 36 55 54 67 27 47 31 41 33 00 38 50 50 26 32 56 47 25 11 55 71 00 24 00 35 44 76 02 27 10 16 08 09 04 47 16 22 68 13 00 20 60 12 09 02 09 17 25 13 08 54 04 73 02 18 50 87 25 87 45 32 07 15
25 18 48 03 10 01 20 10 10 16 63 37 50 27 42 25 58 05 00 16 15 15 55 56 40 11 09 65 15 24 17 48 09 55 72 01 16 35 18 33 53 31 32 60 18 19 61 06 16 01 61 52 27 01 34 36 47 21 47 56 00 24 38 02 00 22 03 67 03 00 35 59 02 04 38 38 16 14 18 10 49 67 11 51 03 66 15 33 54 52 22 11 20 40 23 13
20 93 01 15 64 25 92 56 25 81 06 00 12 51 100 70 61 59 34 97 44 76 60 05 49 53 08 21 67 14 55 09 36 40 44 09 49 12 08 48 75 31 15 00 36 27 40 31 53 30 48 29 00 45 11 08 50 01 00 00 00 26 59 11 07 11 05 72 20 31 64 50 04 72 11 36 03 64 49 54 40 52 24 40 45 25 02 63 40 83 01 34 12 67 63 38
09 79 49 82 41 07 18 06 17 39 08 10 33 52 35 90 39 88 04 01 00 16 60 11 69 06 00 17 47 79 40 57 47 09 60 66 31 10 18 34 04 25 21 08 41 06 19 04 07 21 17 58 27 00 00 13 33 10 33 00 26 05 06 24 68 09 45 89 12 03 32 25 44 38 10 17 00 21 64 10 44 43 16 43 50 24 20 21 41 43 36 24 31 11 33 01
29 63 37 12 58 67 13 07 09 17 14 04 24 42 64 59 17 44 58 36 14 39 69 25 57 01 00 43 01 57 49 44 21 28 61 57 34 02 64 05 18 26 33 64 07 30 53 49 57 31 44 41 39 48 15 27 51 07 44 43 18 40 56 00 21 00 92 11 56 15 06 28 20 08 54 26 32 53 46 08 51 17 67 38 06 25 48 02 58 39 32 42 40 54 32 25
97 42 00 00 61 77 05 55 49 27 72 07 27 71 30 48 47 34 57 52 14 20 23 20 11 15 36 56 26 16 60 56 40 15 39 63 48 54 10 43 40 75 08 00 00 00 00 33 29 12 22 38 26 26 00 02 55 28 25 17 09 28 13 16 60 00 00 53 00 50 18 00 44 01 00 27 36 29 46 19 46 65 67 78 15 73 43 08 10 31 38 97 52 33 17 92
33 30 00 02 00 04 45 55 57 17 00 00 00 00 08 50 52 57 03 41 24 03 40 45 60 34 44 53 66 57 09 01 67 35 33 04 54 80 34 39 20 24 05 16 37 06 00 00 30 73 39 37 00 00 00 00 41 26 00 09 00 17 00 57 15 43 41 38 18 49 00 00 00 08 00 57 59 30 21 60 85 37 39 06 23 40 57 03 10 01 49 07 47 62 21 14
03 00 04 11 00 00 00 56 84 07 32 38 03 36 57 06 00 64 44 75 48 22 69 26 81 33 00 41 00 04 44 22 58 19 10 37 08 53 28 52 16 50 60 00 23 02 00 07 33 00 09 21 11 42 17 02 25 10 00 75 39 17 52 00 55 12 13 42 49 51 22 37 00 57 01 12 23 37 43 40 85 46 48 13 50 37 74 40 37 43 41 20 24 20 44 21
28 09 25 02 02 32 51 45 30 54 02 75 09 72 06 06 56 56 38 100 27 00 00 84 00 50 00 46 01 00 71 40 12 40 48 57 40 58 38 50 50 21 47 50 21 10 19 08 02 07 47 68 22 43 21 61 07 00 09 61 50 09 47 33 30 12 35 39 37 38 06 00 31 05 23 23 43 48 18 54 11 18 00 05 57 22 23 31 58 07 22 37 53 36 00 00
46 22 26 34 34 21 21 08 35 02 07 26 15 29 81 64 44 33 39 22 01 00 51 00 00 00 00 68 00 03 35 65 20 66 45 58 16 62 44 60 10 44 01 48 08 61 25 04 67 35 54 42 00 05 02 08 15 08 24 23 36 23 53 07 36 59 15 45 10 08 51 26 02 61 57 18 07 69 53 37 27 31 18 07 51 32 05 13 24 42 07 72 55 00 00 00
27 15 25 28 09 50 53 14 67 11 63 14 31 73 12 04 13 22 37 97 09 00 13 00 00 00 00 00 09 61 30 21 48 48 41 18 31 74 02 15 01 41 41 45 40 12 31 26 20 50 32 66 40 09 07 44 00 27 25 41 78 67 31 36 34 25 00 11 69 10 00 32 06 25 12 00 14 16 00 18 29 13 06 35 23 83 20 25 25 30 00 06 00 00 00 01
04 14 36 77 30 47 30 19 32 51 37 04 81 22 72 29 58 82 07 59 24 00 00 00 00 00 00 00 00 16 58 00 00 34 55 12 61 45 62 28 26 80 23 18 80 19 09 58 05 02 71 63 00 58 05 61 21 72 16 62 33 39 42 47 28 33 00 32 36 34 00 61 08 68 27 25 23 48 55 00 50 31 38 56 26 67 18 79 50 18 00 00 00 00 58 46
42 16 69 07 20 32 18 13 34 74 63 59 61 51 00 44 02 04 32 97 08 00 00 00 00 00 00 00 00 37 45 30 30 58 00 22 64 26 31 25 34 01 01 16 68 31 15 71 38 53 08 00 17 42 43 41 18 29 74 38 05 80 76 65 69 46 55 38 49 42 39 29 63 09 12 05 34 50 18 15 20 31 100 28 81 09 20 08 30 01 00 00 00 00 47 16
71 34 46 00 32 20 52 80 48 35 55 02 00 04 00 53 11 00 26 00 00 00 00 00 00 00 00 00 00 23 15 13 15 45 12 47 56 71 52 26 48 51 24 50 00 15 57 40 43 50 55 00 51 02 61 29 00 36 63 21 59 11 59 06 00 13 35 39 10 33 35 42 27 15 28 14 67 16 19 65 01 50 23 47 18 50 66 44 01 00 00 02 01 12 15 40
21 12 20 13 26 38 39 61 40 14 64 23 00 58 00 22 50 00 83 01 00 00 00 00 00 00 00 00 00 00 00 40 43 36 45 13 70 15 21 52 56 55 34 33 35 25 43 21 42 07 03 48 51 19 81 34 00 34 83 22 46 37 31 87 03 36 00 05 29 39 55 06 82 04 23 25 07 23 07 13 00 20 04 46 26 71 42 03 48 35 06 16 03 18 01 42
13 21 72 40 70 54 06 50 60 62 63 06 21 59 61 48 36 00 05 01 00 08 00 00 00 00 00 00 00 00 39 80 19 17 08 33 07 45 18 48 27 29 54 01 31 60 29 42 15 32 32 23 73 02 57 45 30 11 70 33 66 56 88 28 22 95 19 03 34 50 45 00 12 30 48 65 06 37 50 59 20 11 05 32 08 01 00 44 100 20 16 23 54 70 19 49
55 45 78 39 57 31 28 56 60 51 11 17 05 37 09 53 56 27 49 50 00 81 08 00 26 56 01 00 00 21 19 00 35 41 16 55 34 22 28 18 22 45 73 18 67 58 30 28 09 52 25 12 00 01 00 66 86 40 32 00 00 21 72 42 02 45 88 00 34 36 22 36 21 04 26 48 11 43 16 35 25 80 18 00 00 59 62 02 17 00 06 22 73 32 70 03
00 60 15 66 15 50 75 32 40 89 45 60 18 50 52 07 42 13 17 02 00 46 43 28 65 65 00 00 00 56 39 00 05 46 40 52 29 72 24 52 54 52 51 66 30 38 33 61 48 52 11 01 27 33 01 51 81 04 00 00 55 39 09 09 30 38 68 11 31 62 38 43 34 58 19 28 08 32 00 00 83 38 00 00 11 76 97 14 11 25 00 01 35 03 00 18
03 83 24 51 24 21 30 63 00 00 78 62 69 69 74 10 11 72 68 00 00 73 06 12 71 64 39 00 00 00 00 35 60 43 46 50 65 26 01 21 58 27 25 67 63 62 26 52 39 31 38 10 53 14 55 24 86 30 00 00 04 50 19 09 21 60 18 42 41 15 15 23 64 90 20 36 08 78 00 33 45 24 00 04 60 67 92 46 07 13 11 33 10 07 37 14
45 58 42 80 11 42 67 61 30 05 24 48 36 15 31 49 00 00 78 42 20 29 14 00 00 07 76 10 36 17 49 63 26 48 41 36 21 05 71 57 32 08 49 67 61 06 23 08 80 58 25 00 02 29 00 19 46 21 16 00 50 39 84 50 54 30 10 58 12 13 45 45 21 25 22 39 54 18 43 89 04 00 23 79 54 03 08 00 05 16 21 25 00 16 32 01
48 31 58 36 41 20 59 31 48 09 30 83 16 45 43 82 17 00 49 30 23 31 47 00 00 00 00 02 65 01 04 62 23 67 61 60 19 70 45 55 10 66 54 36 14 03 10 40 51 08 24 30 58 54 32 54 18 39 72 32 47 60 54 29 29 39 61 45 04 69 47 39 35 02 25 33 37 23 43 00 00 23 86 66 79 76 22 08 04 00 01 31 03 62 24 01
50 20 40 26 26 55 80 22 37 18 53 60 36 50 69 68 34 25 78 34 09 31 36 00 00 00 00 00 23 01 00 40 64 23 73 22 86 32 89 75 57 43 36 50 29 46 14 30 07 62 62 28 44 31 23 31 30 29 32 11 00 12 16 01 38 43 34 72 90 03 84 01 33 66 52 08 53 09 00 00 39 65 90 30 15 87 25 04 08 01 00 05 00 31 34 02
34 78 09 56 31 49 46 61 42 59 43 61 32 43 50 48 32 15 86 67 02 23 50 02 00 00 00 00 05 00 21 44 51 25 92 15 62 06 43 69 53 26 13 37 00 43 30 00 00 38 07 12 63 16 17 26 41 00 35 05 25 38 38 37 54 29 68 56 67 22 50 46 44 87 78 13 00 00 19 18 18 66 33 53 32 33 42 23 14 12 07 01 01 05 41 20
60 46 36 81 36 00 12 34 21 37 12 69 51 52 92 69 19 00 65 44 35 64 37 68 44 90 28 18 46 28 36 61 52 49 65 12 41 54 37 38 68 58 73 13 60 33 51 00 00 55 19 46 54 39 35 44 68 24 13 38 61 49 30 65 60 36 09 48 39 65 48 60 22 74 17 00 00 10 100 50 74 55 37 36 53 16 37 52 19 39 19 00 00 01 36 07
66 32 28 39 17 43 79 00 41 01 08 35 24 79 60 55 22 41 55 41 58 34 03 36 50 90 43 45 01 35 32 52 32 20 44 57 32 67 28 62 30 32 48 07 38 12 30 14 01 23 07 30 38 58 17 35 38 17 23 61 35 62 24 47 18 00 05 65 81 13 45 15 75 26 00 16 13 72 65 15 66 100 73 20 27 37 70 53 47 06 08 07 04 05 04 02
78 32 38 30 16 03 73 06 31 02 83 47 16 48 69 42 58 74 15 66 48 24 57 42 41 64 17 09 38 28 36 52 35 28 81 39 23 38 40 14 02 31 21 62 28 48 39 30 38 40 28 36 43 34 16 47 53 11 25 30 20 31 40 14 68 36 71 23 75 65 54 09 16 00 01 75 27 15 27 22 78 83 33 43 26 41 59 41 04 08 00 01 07 10 00 04
51 01 50 76 46 43 61 32 76 25 57 58 13 52 33 30 51 31 65 50 43 39 42 54 26 31 25 52 05 54 56 50 25 54 59 39 31 36 89 03 11 60 47 67 31 81 47 13 51 38 14 41 50 20 61 56 25 15 43 68 54 30 64 13 12 29 35 06 13 01 42 00 04 07 89 85 56 78 30 63 61 60 33 41 61 13 74 60 13 02 25 01 05 02 04 04
28 53 58 74 33 40 24 44 84 05 53 61 48 14 41 47 62 38 58 46 64 19 67 78 01 00 25 36 46 15 16 75 16 42 43 09 54 43 57 53 22 15 34 04 03 08 04 54 00 63 59 46 67 10 14 58 13 43 26 41 16 33 46 27 59 10 92 62 75 00 00 00 24 76 80 84 67 61 83 18 93 44 52 30 10 21 28 02 04 02 06 10 02 02 16 02
