packages/cartolidar/cartolidar-0.0a14-py3-none-any.whl/cartolidar/data/asc/PuenteDuero/348_4600_2017_fcc5m.asc
ncols 200 
nrows 200 
xllcenter 348005.000 
yllcenter 4598005.000 
cellsize 10.000 
nodata_value 255 
[rows 55 to 109 of 200, columns 0 to 95 of 200]
37 00 16 00 00 00 00 00 30 16 00 13 43 00 00 00 02 05 02 12 00 25 00 08 04 00 11 00 14 26 01 01 42 30 11 17 10 01 00 10 36 07 08 03 01 02 14 34 05 23 10 02 00 00 00 00 00 00 38 15 17 29 04 08 45 16 27 48 33 04 29 20 02 43 12 06 53 16 20 05 00 00 13 35 00 00 05 09 00 00 00 10 13 20 54 00
04 00 00 00 16 03 01 25 18 33 00 00 18 12 12 21 00 03 03 33 31 34 00 00 55 00 00 00 00 12 14 00 01 00 04 00 00 78 00 04 21 09 01 09 07 37 31 04 02 00 30 00 00 10 51 04 00 00 17 04 00 00 40 45 18 20 12 04 04 04 15 27 19 00 20 17 00 47 15 00 00 00 16 44 00 00 00 06 00 01 35 10 00 04 30 01
45 00 00 22 02 07 09 16 19 28 02 29 10 17 15 24 37 00 12 31 00 00 35 02 20 00 16 49 05 07 03 40 00 49 17 34 65 10 00 00 20 04 26 23 09 00 13 00 00 05 34 05 07 10 00 17 01 04 25 00 07 00 24 15 27 08 58 06 39 00 00 02 14 11 00 69 00 00 00 00 65 18 00 01 11 43 01 35 00 00 47 13 45 09 00 01
00 01 48 10 00 00 16 46 09 34 26 42 17 40 33 36 22 03 41 08 05 00 09 17 14 25 01 01 37 01 00 01 00 13 00 00 03 00 00 00 00 08 25 08 46 00 00 33 00 15 22 10 14 42 00 48 08 03 53 00 76 05 24 30 22 20 00 00 00 17 52 14 40 28 08 00 00 00 01 04 12 00 00 64 41 39 45 01 00 00 00 00 05 00 00 00
00 00 32 01 11 00 09 00 00 01 00 01 00 31 45 18 08 00 02 25 16 00 00 00 08 16 10 11 36 00 02 53 00 49 03 07 12 15 14 06 00 00 05 32 00 03 06 12 00 22 03 54 00 00 00 00 00 00 23 00 58 02 00 47 21 11 46 00 23 00 14 14 16 00 72 04 00 00 32 72 34 54 00 00 00 16 00 00 00 00 00 00 16 00 00 16
00 33 27 25 10 40 30 11 36 15 11 47 05 01 22 00 00 20 01 00 00 29 06 00 08 30 15 00 18 36 00 10 00 00 19 22 14 29 17 04 29 12 22 27 00 40 47 25 00 00 21 00 38 00 53 00 00 02 29 00 02 00 36 15 30 21 18 33 65 00 92 16 00 00 05 34 43 19 45 00 13 36 77 00 03 77 00 00 00 12 58 14 33 37 00 73
00 36 07 17 24 07 03 10 19 01 00 27 00 00 00 03 01 01 00 00 00 00 00 08 61 01 16 00 02 17 15 00 30 00 42 05 00 13 00 06 63 44 15 00 00 00 00 30 05 00 00 33 19 00 10 38 02 54 00 18 34 03 06 00 03 20 00 02 00 05 00 01 00 00 40 36 03 03 31 25 23 24 43 00 00 00 00 00 00 03 38 03 03 09 02 01
00 00 05 22 00 00 28 24 15 00 01 00 18 38 00 00 00 00 00 00 40 09 32 25 29 00 08 03 18 16 10 00 28 00 31 00 42 35 18 31 00 03 00 00 00 28 20 14 00 00 00 00 00 00 00 21 25 08 31 22 26 27 39 64 00 00 56 08 03 22 00 00 25 11 29 11 46 00 00 21 27 19 01 00 00 00 00 00 00 00 00 30 16 82 00 00
00 48 05 17 19 00 00 17 33 08 03 01 96 18 09 00 00 00 00 71 01 04 00 36 03 02 23 37 13 26 00 21 27 23 00 08 00 07 50 01 00 00 00 00 00 00 00 00 00 00 00 00 31 15 62 06 00 00 26 06 06 00 00 00 00 08 01 00 11 46 00 00 37 10 00 08 31 00 00 27 03 17 05 23 43 00 00 00 00 80 20 29 15 07 07 46
01 46 08 25 08 00 32 00 00 41 01 00 00 00 00 00 00 00 39 18 10 56 00 26 31 27 30 00 00 27 34 02 00 00 12 37 07 30 00 01 00 16 00 00 00 00 00 00 00 14 00 00 00 10 21 00 14 38 15 43 09 00 00 06 06 78 47 00 22 71 00 00 00 00 00 09 34 10 25 47 31 26 30 41 00 00 00 00 00 11 04 35 00 02 26 65
31 17 02 07 00 59 14 00 00 00 21 23 00 00 00 11 00 17 17 08 07 00 63 25 00 25 07 00 09 01 06 00 29 00 00 21 28 09 00 57 15 10 00 20 00 00 00 00 00 61 04 00 00 08 13 02 08 00 39 18 02 22 03 11 00 03 10 00 00 00 00 00 00 27 40 09 00 24 22 08 32 00 00 00 01 00 00 00 02 00 00 32 00 57 25 26
27 20 10 36 00 35 42 12 00 00 21 40 00 13 18 67 02 38 00 11 06 00 00 14 00 13 20 00 42 00 00 00 00 00 00 48 06 23 41 00 13 19 04 78 00 00 00 04 00 00 00 46 00 58 00 11 42 10 00 00 00 00 01 67 09 61 00 00 00 00 00 00 00 01 03 52 00 01 32 14 11 00 58 01 00 00 00 00 05 26 41 00 00 27 15 00
00 00 00 06 00 00 01 30 24 00 67 25 23 00 08 24 13 55 13 00 30 03 34 00 38 25 32 24 00 00 00 12 11 25 02 13 30 00 00 00 00 16 25 02 00 00 00 00 00 00 00 00 02 15 02 10 15 54 00 00 16 01 00 04 00 13 12 00 00 00 00 00 00 00 00 00 00 01 33 08 28 34 35 00 00 00 00 02 37 50 16 00 00 10 52 01
08 02 16 09 00 00 00 21 15 00 00 13 21 00 00 11 37 00 00 00 33 11 21 01 08 39 01 06 00 00 48 00 00 00 08 25 20 00 00 33 00 34 61 00 00 00 00 00 00 00 00 13 00 00 12 18 18 10 19 15 44 13 03 44 14 18 73 00 00 00 01 03 00 00 00 00 13 40 07 00 10 10 00 00 65 10 20 04 71 30 81 10 00 39 00 01
12 64 59 50 00 00 09 84 04 23 02 07 07 25 00 00 28 00 00 00 22 53 09 02 06 00 00 16 02 12 11 00 00 41 00 11 06 14 49 03 09 11 07 00 00 00 02 06 00 38 00 35 00 00 23 00 42 10 19 54 00 16 34 00 00 00 00 00 00 01 25 00 00 00 00 00 00 00 15 04 13 16 57 11 16 00 75 08 10 00 20 13 00 00 00 01
01 43 35 10 00 09 13 33 26 01 00 58 40 00 00 00 10 50 11 44 00 00 18 05 39 37 54 06 00 29 00 31 00 00 00 11 14 21 23 15 22 34 27 00 00 00 00 93 00 00 00 00 12 09 00 00 01 22 49 06 52 01 49 17 00 00 00 00 00 01 00 00 00 00 00 00 00 00 58 22 00 00 04 01 70 04 00 12 04 21 56 07 04 00 00 00
15 06 14 62 00 30 53 00 00 00 03 16 00 16 10 25 11 00 02 15 04 07 00 31 00 00 29 12 00 39 00 33 19 70 05 03 33 00 05 50 03 01 04 40 00 23 06 07 00 38 00 00 62 06 00 05 36 26 09 00 00 00 06 00 00 00 00 00 01 00 00 00 00 00 00 00 00 00 00 00 00 00 72 32 28 00 00 01 00 01 01 07 22 00 00 00
51 39 41 00 25 03 16 17 62 00 06 15 00 43 00 03 00 00 00 50 17 18 43 09 01 10 01 17 27 01 00 19 02 43 03 00 04 30 15 01 56 19 05 47 08 00 13 55 00 06 00 00 05 00 00 36 17 16 48 00 00 07 05 00 00 00 00 00 00 00 00 00 00 00 00 05 00 00 00 09 00 00 00 00 00 00 00 00 00 00 00 36 38 00 00 00
06 12 01 04 85 20 00 03 41 00 23 13 00 06 05 42 04 59 02 52 27 01 08 29 00 50 00 08 31 00 03 39 00 64 04 70 00 13 24 21 12 17 12 00 00 00 00 00 00 00 00 07 00 37 02 56 02 00 06 09 00 38 38 00 00 00 00 02 00 00 00 00 00 00 00 00 00 00 02 31 00 00 15 04 00 00 00 00 00 00 01 06 00 00 00 00
34 22 43 47 23 51 00 47 14 08 95 01 00 00 02 33 42 10 00 00 03 04 15 00 46 30 12 04 23 00 20 03 09 36 28 01 00 00 01 08 02 00 36 00 00 04 00 03 00 03 16 68 00 50 00 01 40 27 35 37 00 44 18 00 00 00 00 00 00 02 04 00 00 00 00 00 00 01 00 00 00 00 09 31 00 06 03 00 00 56 11 61 00 00 00 00
45 09 68 72 25 45 56 37 06 11 00 02 77 25 00 00 00 57 18 02 01 28 01 22 30 40 00 07 26 48 00 58 55 18 21 15 40 14 31 03 34 22 12 00 00 80 13 00 33 30 23 33 29 10 23 00 07 11 15 32 56 05 05 00 00 00 00 11 00 03 01 00 00 00 00 00 04 12 14 00 06 00 00 00 02 00 00 00 00 00 00 00 01 01 00 00
15 35 00 22 53 01 04 19 00 62 02 83 12 00 12 55 20 18 00 18 08 04 31 01 00 00 31 07 11 00 03 47 64 07 31 09 04 06 00 26 21 00 00 58 15 13 00 00 08 00 00 00 24 00 00 04 16 50 09 09 12 01 29 26 00 00 00 00 00 00 00 00 00 00 00 00 00 01 16 00 00 08 03 06 01 00 01 00 00 00 00 01 00 00 00 00
08 38 10 00 26 32 01 61 09 00 53 25 68 27 17 03 05 88 30 31 13 65 04 46 00 05 05 00 00 03 16 19 37 22 00 00 00 00 13 00 27 09 26 20 17 58 41 41 00 11 03 00 05 45 05 12 24 00 01 15 25 21 00 18 02 00 00 00 00 00 00 22 00 00 00 00 00 00 88 01 02 88 18 57 00 00 01 00 00 00 02 00 03 00 00 00
05 32 43 75 09 08 37 09 00 00 15 32 00 25 35 00 00 00 05 16 00 40 00 10 32 42 04 00 00 05 12 20 00 00 51 02 32 00 36 00 52 02 27 00 42 00 00 00 65 26 69 00 60 15 15 50 00 07 00 37 00 00 12 00 00 00 00 26 20 00 00 27 23 00 01 00 00 02 15 00 00 00 00 50 18 00 00 00 00 01 00 00 00 00 00 00
45 00 79 61 34 33 00 00 45 22 05 24 00 91 00 53 00 25 35 00 61 08 00 59 00 24 17 01 00 28 32 16 53 00 40 17 00 00 00 10 00 08 45 06 00 00 00 38 23 01 28 00 26 05 00 10 21 58 02 65 02 06 00 00 01 02 00 02 02 16 06 40 11 01 00 00 00 00 03 00 02 30 05 05 01 00 00 04 00 00 00 00 00 00 00 00
00 00 08 19 30 18 13 63 12 09 57 00 00 22 02 23 22 26 10 00 16 17 00 00 21 01 27 69 01 00 00 00 00 00 27 10 00 26 07 20 27 26 00 12 00 00 10 00 34 00 00 20 00 03 30 12 22 00 00 40 25 37 08 35 15 07 00 00 00 14 07 77 12 06 00 00 00 08 02 02 15 29 23 51 00 00 00 00 01 00 01 01 00 00 00 00
00 00 00 02 83 42 68 43 29 37 11 57 31 88 04 74 50 13 00 00 02 07 00 15 59 01 00 12 41 10 00 00 06 00 07 04 18 30 14 28 13 02 18 30 00 00 18 06 04 09 28 28 26 17 27 00 66 00 00 00 02 00 00 30 17 00 00 26 06 08 18 02 00 31 31 00 04 74 43 21 65 01 00 00 00 00 00 00 00 00 00 00 00 00 00 00
06 00 00 16 44 00 18 35 00 00 00 09 60 36 07 20 05 00 06 00 21 13 00 00 14 00 07 20 00 29 11 00 36 01 00 28 08 00 18 31 02 30 29 06 08 14 46 06 08 16 14 16 16 37 15 03 20 00 07 38 00 25 29 12 07 00 00 25 25 00 67 18 00 05 02 00 00 00 00 00 00 04 03 00 00 00 00 00 00 00 01 00 00 00 00 00
13 00 00 00 04 00 86 31 80 06 32 74 00 21 14 05 15 14 71 00 76 07 00 21 51 05 16 43 00 34 20 05 26 05 00 02 31 00 38 16 01 00 00 00 71 02 00 02 01 04 23 20 29 24 20 19 31 08 48 19 27 10 00 00 00 07 27 15 25 00 70 10 00 00 00 00 00 00 00 03 00 08 00 00 00 00 00 00 00 00 00 03 02 00 00 02
00 255 255 00 00 50 86 04 37 00 00 03 25 20 42 64 30 15 00 00 58 02 00 00 01 04 17 00 00 30 00 00 31 61 11 00 00 41 06 20 03 00 43 10 00 00 02 28 32 50 32 02 14 04 20 25 15 31 04 25 18 02 34 00 00 02 51 19 16 34 41 18 22 20 28 04 00 00 28 12 00 02 09 00 00 00 00 00 00 01 01 00 00 00 00 00
67 255 00 00 00 61 53 00 00 00 00 00 72 50 10 03 78 57 14 00 41 63 05 09 14 39 58 06 01 00 09 15 49 00 00 00 00 00 00 17 13 44 00 00 00 00 00 02 07 02 13 12 50 13 21 00 27 42 04 51 11 06 00 06 03 00 00 30 00 00 55 11 12 06 13 05 00 02 58 07 11 41 09 00 00 00 00 00 00 01 11 00 00 00 00 00
255 255 255 63 43 00 00 12 27 00 01 00 00 00 28 52 00 02 00 14 53 00 08 70 38 06 10 04 60 00 14 41 02 12 23 00 05 15 12 00 13 10 00 00 00 00 00 00 00 00 58 00 26 00 04 00 27 35 13 13 15 12 15 58 08 30 00 42 04 17 25 03 43 24 37 01 04 00 00 22 10 23 00 00 03 00 00 00 00 00 00 00 00 00 00 00
255 255 255 00 68 05 62 42 00 00 77 08 00 31 31 41 34 00 39 20 47 00 72 52 06 13 04 55 00 69 09 00 00 17 53 00 00 25 12 00 00 00 00 15 00 00 00 00 00 00 00 21 34 41 43 13 40 03 04 11 00 43 00 01 03 14 05 42 07 06 05 40 06 11 06 21 29 30 09 50 14 00 09 00 00 07 04 00 00 00 00 01 00 00 00 00
38 01 00 09 31 88 86 11 01 01 21 00 36 00 00 03 18 00 72 07 84 07 04 16 71 94 03 27 00 17 61 00 02 50 31 16 06 41 00 00 00 00 40 28 11 00 00 08 16 06 06 00 48 01 16 20 14 29 24 08 48 18 00 29 35 33 20 18 68 05 26 12 33 00 11 01 01 02 41 01 03 00 00 00 00 02 02 00 00 00 00 00 00 00 00 00
00 00 00 00 00 44 19 08 88 40 87 01 32 06 71 15 14 00 49 26 52 00 10 08 21 00 13 18 11 00 22 00 81 11 04 14 11 22 25 46 00 26 01 04 05 25 32 00 05 05 14 17 10 03 15 12 07 20 42 00 20 23 22 02 26 55 32 00 09 33 03 01 16 55 08 02 02 25 17 20 54 22 36 04 28 00 00 00 00 09 00 04 00 00 00 00
00 01 00 00 09 13 00 57 64 01 00 00 48 48 09 13 00 00 34 10 08 00 41 00 86 31 36 53 00 00 19 12 00 35 35 23 00 35 47 17 10 38 18 25 30 00 17 00 18 32 30 00 25 09 01 10 07 12 29 07 28 28 08 27 21 00 20 42 34 30 17 45 10 23 04 37 00 47 27 15 18 69 24 33 18 00 00 00 00 01 00 00 00 00 53 00
00 00 01 00 19 45 22 20 10 06 36 25 00 40 43 84 21 13 07 26 46 00 08 48 01 00 27 59 11 56 51 41 63 38 00 02 00 11 38 13 12 09 00 34 20 33 00 29 00 25 00 22 02 04 26 05 37 24 00 29 25 29 12 15 25 28 02 05 07 02 16 25 11 01 42 03 00 50 44 03 42 40 15 54 63 00 00 00 00 00 00 00 00 25 38 14
00 00 07 00 00 22 36 24 45 34 31 49 00 74 13 01 40 38 07 43 38 15 53 56 00 49 44 01 05 17 11 72 09 00 00 60 13 04 04 00 51 15 20 68 00 11 15 39 19 23 56 00 00 00 00 25 13 00 08 18 23 00 14 00 41 00 23 00 53 02 10 15 28 04 12 17 10 60 45 50 58 36 00 08 57 33 00 00 00 00 00 38 51 66 38 72
00 00 00 00 00 28 90 26 50 26 04 91 10 85 05 39 31 04 00 32 45 34 01 14 27 03 15 06 44 25 05 05 70 06 03 28 00 43 33 00 00 08 13 06 25 10 00 20 00 12 44 23 00 00 00 00 00 21 31 05 01 19 17 26 00 15 35 03 60 06 33 16 27 20 27 06 14 81 68 18 00 41 32 47 12 33 00 00 02 00 00 36 20 00 00 14
00 00 00 00 00 255 255 255 255 13 00 00 12 50 19 26 29 62 23 23 04 36 15 07 80 29 23 32 16 40 53 04 05 00 27 69 00 01 13 42 36 16 51 00 45 02 00 22 30 00 00 00 32 08 00 00 00 00 00 09 00 00 07 19 00 14 15 26 38 39 06 33 14 11 28 12 31 43 29 20 23 11 14 64 12 00 00 00 10 00 00 00 29 00 00 00
00 00 00 00 00 00 00 255 255 00 00 00 00 05 97 88 60 00 05 10 04 34 80 33 04 00 39 36 41 17 54 29 01 06 58 00 37 13 90 02 04 10 46 00 30 48 00 17 15 00 16 35 00 00 00 09 00 00 22 23 14 00 00 07 02 14 19 31 18 27 04 31 37 00 37 16 40 57 17 40 48 20 31 44 35 00 09 00 18 00 00 06 83 03 32 00
00 00 00 00 255 255 255 255 255 00 00 00 00 00 10 08 08 00 00 64 32 48 01 83 59 50 35 09 67 57 00 01 35 44 00 00 09 00 22 00 30 51 30 54 00 04 00 77 00 64 00 00 00 00 04 11 05 32 29 06 27 12 00 34 00 10 22 28 05 17 06 30 05 20 20 02 41 13 05 60 29 47 00 10 18 00 09 08 00 06 28 02 00 03 87 00
00 00 00 00 255 255 255 255 255 00 00 00 00 00 00 00 00 00 00 11 01 00 12 98 66 67 24 10 53 57 42 22 02 00 18 08 00 59 10 10 58 00 00 30 00 50 25 09 27 02 32 00 01 29 00 00 08 07 01 09 00 19 52 14 29 23 00 00 14 18 05 00 14 25 04 29 34 72 42 45 10 00 40 29 10 00 00 03 00 00 81 17 00 44 13 09
00 00 00 00 00 00 00 00 00 00 00 00 00 00 00 00 00 00 00 00 00 00 00 00 00 00 00 00 00 02 05 92 07 22 76 22 00 11 00 13 00 00 00 87 25 53 00 85 44 10 78 00 03 45 00 16 10 65 27 01 07 08 00 00 00 31 14 06 19 36 27 00 34 06 34 50 43 64 44 20 23 00 08 00 08 00 00 17 22 00 00 00 11 00 00 00
00 00 00 00 00 00 00 00 00 00 00 00 00 00 00 00 00 00 00 00 00 00 00 00 00 00 00 00 00 00 00 00 00 57 57 01 00 00 08 48 00 11 28 92 06 10 00 05 00 26 00 00 32 40 41 43 09 00 21 16 51 00 00 00 00 13 20 06 28 59 07 24 21 23 56 34 06 44 00 37 05 43 11 45 33 24 00 43 23 25 37 00 00 00 00 00
00 00 00 00 00 00 00 00 00 00 00 00 00 00 00 00 00 00 00 00 00 00 00 00 00 00 00 00 00 00 00 00 00 00 00 00 00 00 80 47 11 17 20 00 02 14 20 50 55 70 34 00 00 00 07 60 02 00 04 12 18 06 19 00 00 27 28 15 21 32 10 42 01 22 41 04 13 27 25 00 00 00 00 08 53 35 00 79 08 06 03 36 21 00 18 05
00 00 00 00 00 00 00 00 00 00 00 00 00 00 00 00 00 00 00 00 00 00 00 00 00 00 00 00 00 00 00 00 00 00 00 00 00 00 08 25 62 90 00 00 40 46 23 00 02 27 25 00 00 01 26 00 37 18 29 06 50 00 60 02 04 30 06 37 22 22 30 34 22 16 29 10 49 33 00 40 01 30 29 00 23 00 01 00 00 04 45 77 25 00 66 22
00 00 00 00 00 00 00 00 00 00 00 00 00 00 00 00 00 00 00 00 00 00 00 00 00 00 00 00 00 00 00 00 00 00 00 00 00 00 00 00 00 00 00 00 87 00 58 28 00 84 32 36 18 35 50 03 04 34 30 40 00 00 30 21 00 20 00 00 21 08 27 00 15 10 28 41 11 21 10 40 36 40 50 48 04 00 51 00 00 00 06 34 74 31 35 22
00 00 00 00 00 00 00 00 00 00 00 00 00 00 00 00 00 00 00 00 00 00 00 00 00 00 00 00 00 00 00 00 00 00 00 00 00 00 00 00 00 00 00 00 00 00 00 00 00 00 00 03 05 46 00 41 25 18 00 34 30 00 23 04 05 00 36 00 30 29 15 18 16 28 37 28 29 46 68 13 11 00 08 26 00 00 03 00 13 00 03 14 56 58 00 40
00 00 00 00 00 00 00 00 00 00 00 00 00 00 00 00 00 00 00 00 00 00 00 00 00 00 00 00 00 00 00 00 00 00 00 00 00 00 00 00 00 00 00 00 00 00 00 00 10 70 00 23 48 38 32 00 14 00 06 13 63 01 03 13 13 58 27 00 12 24 10 01 35 13 33 32 15 62 20 04 00 22 34 09 03 00 07 06 00 12 30 33 64 32 00 67
00 00 00 00 00 00 00 00 00 00 00 00 00 00 00 00 00 00 00 00 00 00 00 00 00 00 00 00 00 00 00 00 00 00 00 00 00 00 00 00 00 00 00 00 00 00 00 00 00 00 00 00 00 06 06 32 06 00 30 50 00 00 51 29 23 11 02 08 04 58 37 32 47 60 28 54 12 40 40 54 12 00 02 00 05 00 00 00 00 55 41 46 09 06 22 00
00 00 00 00 00 00 00 00 00 00 00 00 00 00 00 00 00 00 00 00 00 00 00 00 00 00 00 00 00 00 00 00 00 00 00 00 00 00 00 00 00 00 00 00 00 00 00 00 00 00 25 65 31 00 00 36 14 26 14 00 45 26 03 24 04 04 00 83 06 27 00 19 49 05 31 39 59 78 02 61 11 00 00 04 02 41 13 00 06 57 24 16 00 00 45 00
00 00 00 00 00 00 00 00 00 00 00 00 00 00 00 00 00 00 00 00 00 00 00 00 00 00 00 00 00 00 00 00 00 00 00 00 00 00 00 00 00 00 00 00 00 00 00 00 00 00 02 27 45 00 00 00 02 12 00 00 10 28 57 00 00 75 07 08 41 39 16 00 23 66 60 44 28 28 02 26 19 50 00 16 14 60 40 25 12 29 13 26 42 05 50 08
00 00 00 00 00 00 00 00 00 00 00 00 00 00 00 00 00 00 00 00 00 00 00 00 00 00 00 00 00 00 00 00 00 00 00 00 00 00 00 00 00 00 00 00 00 00 00 00 00 00 00 00 00 56 21 17 15 16 00 15 33 44 11 28 38 00 24 66 72 21 06 04 25 70 55 20 69 09 35 00 00 30 35 75 28 20 23 30 48 23 40 25 29 37 12 48
00 00 00 00 00 00 00 00 00 00 00 00 00 00 00 00 00 00 00 00 00 00 00 00 00 00 00 00 00 00 00 00 00 00 00 00 00 00 00 00 00 00 00 00 00 00 00 00 00 00 00 00 00 42 05 41 41 85 02 00 05 62 08 30 63 28 02 13 20 72 30 76 93 00 69 70 46 02 01 36 15 62 81 71 27 05 68 23 26 30 17 01 00 10 28 03
