packages/cartolidar/cartolidar-0.0a14-py3-none-any.whl/cartolidar/data/asc/PuenteDuero/348_4600_2017_fcc3m.asc
ncols 200 
nrows 200 
xllcenter 348005.000 
yllcenter 4598005.000 
cellsize 10.000 
nodata_value 255 
[rows 55 to 109 of 200, columns 0 to 95 of 200]
43 08 23 04 09 05 00 09 32 24 01 19 54 02 06 01 10 06 03 13 00 27 01 16 17 03 11 05 14 29 02 08 42 30 25 29 14 01 02 12 50 09 10 03 01 02 17 36 05 23 13 15 11 00 06 00 29 10 39 15 22 29 04 12 55 27 29 48 33 06 29 30 24 45 13 06 53 19 20 07 08 21 18 35 00 02 18 28 38 00 00 17 17 21 54 00
09 08 20 07 31 15 20 28 24 55 18 16 19 16 24 21 00 11 15 37 34 34 01 15 56 00 08 03 01 12 21 05 07 04 08 01 16 78 11 14 21 09 07 16 11 37 31 04 10 00 38 13 00 10 51 08 36 00 19 07 04 16 40 47 35 21 12 07 05 27 15 27 25 05 20 19 00 47 20 52 38 04 16 45 00 09 17 06 25 03 35 12 19 04 30 01
49 09 04 35 09 09 20 20 21 40 03 33 12 20 16 24 37 01 13 32 04 00 35 06 21 02 30 52 06 07 14 44 19 57 29 35 71 10 03 00 20 04 30 30 09 03 13 00 00 05 37 09 07 10 00 17 03 04 26 04 12 00 24 15 27 08 58 06 39 05 01 10 21 23 00 69 26 22 14 01 65 18 00 02 11 54 01 37 28 02 47 18 45 09 00 01
01 09 55 23 03 01 27 48 15 34 26 53 30 51 36 36 22 07 42 08 05 24 20 20 19 28 15 01 37 08 04 06 05 13 05 02 05 07 00 02 01 08 25 08 46 00 00 33 00 17 22 14 23 42 08 67 10 03 54 00 76 05 25 30 22 24 15 01 00 17 52 20 41 42 15 19 11 08 02 04 24 09 01 67 44 42 46 23 21 05 13 12 21 00 00 00
33 15 41 02 16 01 13 03 02 06 16 37 08 46 45 21 31 16 13 42 19 02 16 18 15 16 11 11 37 00 07 53 02 50 04 12 12 15 15 06 01 01 05 32 00 05 12 12 03 22 05 59 11 13 00 11 00 03 35 01 59 02 00 47 21 11 47 00 29 13 14 44 18 10 80 17 05 28 52 75 45 75 07 08 02 28 12 12 10 03 01 02 16 01 01 16
03 33 27 29 26 40 30 19 36 15 12 53 31 23 61 44 28 44 10 03 85 33 08 06 08 31 16 00 27 37 10 10 06 00 21 28 26 29 17 06 29 18 22 27 03 46 47 25 00 11 26 00 44 07 59 04 00 02 39 04 03 01 36 28 48 24 18 33 65 19 92 26 01 00 05 34 45 27 45 39 28 38 77 01 07 77 08 06 10 12 58 28 33 37 03 73
04 50 09 24 26 09 18 11 40 31 09 38 22 09 14 26 24 10 06 12 46 17 02 12 61 09 18 00 02 17 15 04 30 00 42 15 04 27 01 08 63 48 32 09 25 33 15 32 07 00 03 41 21 13 30 43 04 54 03 18 34 06 06 00 04 20 04 07 07 39 28 17 14 19 56 42 15 05 34 46 25 24 52 11 12 07 28 15 11 07 40 07 05 14 02 01
13 14 08 27 08 15 35 32 32 28 16 06 30 38 15 17 04 03 20 34 49 42 35 26 29 06 12 03 18 20 10 02 28 00 31 00 42 35 18 33 00 03 16 00 00 30 24 14 10 00 00 00 10 00 10 21 25 08 31 22 41 32 41 64 00 10 56 15 07 45 33 09 44 19 29 30 48 01 05 22 29 19 02 07 09 02 05 00 03 05 07 30 16 83 00 00
02 59 11 25 28 26 05 20 58 16 04 08 98 22 13 21 09 07 26 79 25 28 30 36 08 03 23 37 15 26 00 21 32 24 00 08 02 22 50 07 01 04 00 28 10 00 01 00 11 00 00 00 33 15 62 16 00 00 48 07 06 03 03 01 04 41 14 20 18 49 29 06 37 13 01 10 36 04 07 30 11 28 05 25 50 09 24 09 01 82 25 29 15 07 07 46
16 47 10 30 15 15 46 01 11 42 02 00 06 00 00 05 02 03 47 39 16 69 40 33 31 27 30 00 00 27 34 02 04 00 12 45 07 30 03 01 04 79 38 27 34 19 21 06 06 16 03 05 01 12 21 03 20 38 22 43 10 07 14 11 06 79 47 04 35 76 25 06 00 00 04 13 34 10 35 47 31 26 30 64 37 00 23 43 15 11 04 37 01 02 26 65
32 20 10 26 08 67 23 12 20 25 21 23 00 07 00 14 04 18 17 17 13 20 80 37 00 25 07 00 09 01 07 00 29 01 02 27 31 09 05 57 17 12 12 41 02 27 10 04 01 74 10 09 01 16 18 10 09 04 39 22 09 31 08 15 04 03 12 34 44 36 38 24 00 27 43 10 00 27 28 08 32 15 07 30 06 08 13 12 14 02 00 34 00 57 25 26
31 22 11 50 34 50 51 23 11 11 21 40 00 14 22 75 21 53 16 11 09 03 15 27 19 15 20 01 42 09 08 02 00 00 00 48 13 26 41 00 13 21 06 78 20 31 00 32 03 03 04 46 00 58 03 15 42 11 00 06 08 02 07 67 09 61 03 20 66 28 27 25 03 02 08 53 00 11 32 14 11 07 64 01 00 00 00 20 16 26 41 00 00 29 15 00
00 00 00 07 00 14 06 30 24 00 67 25 23 06 10 24 16 55 31 03 33 14 51 23 54 28 32 27 03 00 02 12 14 25 02 14 32 07 00 03 00 16 29 32 02 27 14 09 00 04 02 05 13 18 04 14 15 62 07 00 26 10 14 04 00 18 17 00 54 50 10 52 18 04 11 04 00 02 34 13 29 34 45 06 00 00 00 02 37 55 16 00 00 14 52 01
08 02 16 11 06 00 00 21 23 06 04 34 21 11 14 14 37 06 05 03 41 19 27 08 11 42 08 12 04 00 48 00 00 00 08 28 20 01 00 34 00 34 61 00 14 14 19 07 25 10 08 13 00 00 12 18 18 19 32 24 50 25 17 44 37 46 78 24 47 33 15 53 04 17 12 17 14 40 08 01 21 10 07 00 73 10 20 04 71 34 81 12 00 39 00 01
12 64 59 50 00 00 09 84 15 28 04 07 07 35 18 05 28 01 09 21 47 67 15 35 16 24 10 18 11 13 12 02 05 41 05 11 06 15 49 03 09 11 07 13 19 43 17 33 02 40 00 35 00 04 27 04 42 10 20 54 01 23 34 07 39 25 41 10 09 14 89 64 02 05 11 05 00 00 15 06 16 17 58 12 16 00 75 08 10 02 20 13 00 00 00 01
01 43 35 10 00 44 15 33 26 02 14 58 40 05 01 00 10 52 11 48 07 04 20 22 48 46 59 10 02 32 01 31 01 01 16 16 16 27 23 15 25 34 27 10 00 19 14 96 04 11 00 00 12 10 15 25 02 22 49 06 52 01 49 19 32 09 00 69 43 19 25 02 07 08 40 25 08 18 58 29 05 15 04 11 70 04 02 14 04 21 56 07 07 00 00 00
15 06 14 62 05 36 55 00 00 14 10 16 00 25 22 32 12 18 02 15 10 15 11 51 04 20 44 16 01 45 15 33 22 72 74 19 36 00 05 50 03 01 04 47 03 28 16 11 07 38 01 01 62 20 00 15 40 26 09 06 09 03 06 00 08 03 00 69 58 42 05 09 04 11 06 10 05 01 00 00 13 07 72 32 28 00 01 01 01 02 01 07 24 00 00 00
51 39 41 00 39 03 18 19 68 00 16 28 00 78 21 03 00 00 00 55 27 28 56 18 11 23 29 32 27 01 08 33 14 60 33 42 05 32 18 01 56 19 05 50 11 01 17 72 00 10 06 12 07 00 00 36 17 16 48 00 00 07 05 00 00 01 14 64 00 17 13 01 15 13 09 46 32 13 01 14 36 05 00 01 26 14 00 00 00 01 00 36 38 02 00 00
06 12 01 04 85 20 00 30 41 06 32 21 00 06 05 42 04 59 03 56 27 01 08 31 14 51 14 18 54 02 24 67 17 72 25 71 08 13 24 24 16 21 12 00 00 00 03 31 03 00 07 08 12 37 02 56 02 00 06 09 00 38 38 12 19 11 16 09 01 12 31 10 14 07 06 08 00 36 12 51 13 02 25 04 30 07 00 00 00 01 01 06 00 00 00 00
34 22 43 47 23 51 00 47 14 08 95 01 00 00 04 33 42 17 09 25 03 08 26 02 57 41 26 04 32 11 24 05 11 36 38 24 02 00 01 14 02 06 45 02 00 18 00 50 04 03 16 68 00 61 00 06 40 27 35 44 07 47 25 46 11 15 08 20 01 24 15 36 36 04 40 00 15 15 19 10 07 22 24 31 00 06 03 00 00 56 11 61 00 00 00 00
49 19 68 72 25 45 56 37 06 11 00 02 77 34 21 07 05 57 23 05 01 28 05 37 32 46 09 10 28 51 00 63 71 23 25 27 48 14 31 13 40 22 20 05 06 80 13 15 33 44 23 42 29 27 47 10 07 11 18 48 62 07 10 08 24 00 03 18 00 25 08 20 11 00 08 28 27 17 15 10 52 19 13 01 07 00 00 00 00 04 01 01 01 01 00 00
20 42 25 23 53 01 04 19 00 62 02 83 12 00 12 65 21 18 04 24 09 04 31 03 02 01 40 14 29 00 04 49 69 24 33 09 16 15 07 40 26 00 00 58 19 18 10 22 14 02 00 13 31 05 25 14 48 54 41 20 13 01 32 30 06 03 14 01 00 02 02 07 00 29 09 30 12 06 24 06 18 10 15 12 01 00 01 00 01 00 00 01 01 00 00 00
08 38 10 00 26 32 01 61 09 00 53 25 77 27 17 03 08 88 33 31 13 65 04 46 00 05 07 01 00 03 21 28 62 38 09 00 06 00 14 02 27 11 28 38 20 62 41 41 02 13 03 25 06 47 05 12 34 04 02 20 28 21 07 27 26 37 20 00 03 02 02 24 07 00 01 00 01 01 88 02 21 88 18 57 01 00 03 00 00 00 02 00 03 00 00 00
05 32 43 75 09 08 37 09 00 00 27 32 00 25 35 00 03 00 05 24 04 53 00 10 32 42 04 02 02 07 17 28 21 21 53 05 32 08 46 01 52 08 33 02 42 06 00 00 65 26 69 06 60 15 18 56 33 07 00 38 01 05 24 23 13 21 05 28 23 04 00 30 26 05 32 08 07 04 33 02 58 02 03 52 20 00 00 00 00 01 01 00 00 01 00 00
45 00 79 61 34 33 00 00 45 22 05 24 00 91 02 53 00 25 40 00 61 08 05 59 00 24 17 01 02 32 34 16 58 05 50 45 05 37 09 25 18 08 57 75 02 00 00 42 26 01 28 07 33 05 20 10 21 62 02 65 24 09 15 15 03 08 29 11 06 16 06 40 23 35 27 10 29 03 27 20 17 30 23 16 01 00 00 04 00 00 01 00 00 01 00 00
00 00 08 19 30 18 13 63 12 09 57 00 00 22 02 23 22 26 10 00 35 17 05 05 21 07 27 69 05 02 05 03 05 03 38 28 02 46 12 20 34 33 02 39 00 16 10 02 36 02 04 25 00 24 46 13 22 05 00 40 47 37 09 38 15 29 09 26 09 14 19 77 17 20 13 14 01 08 15 14 19 29 23 51 00 00 00 00 01 00 01 01 00 00 00 00
00 00 00 09 83 42 68 43 29 37 11 57 31 88 04 74 50 13 00 00 02 09 13 20 59 35 00 17 43 18 09 11 12 19 13 13 39 55 23 34 34 13 34 42 00 00 18 08 04 09 34 41 26 19 27 00 66 02 16 09 08 03 11 30 44 16 41 38 29 11 18 02 03 32 41 00 20 83 43 26 65 12 05 00 00 00 00 00 00 00 00 00 00 01 00 00
06 00 00 30 53 00 18 35 01 00 00 09 60 36 07 20 05 00 06 00 22 18 00 06 22 10 07 32 06 37 14 00 36 02 09 31 12 04 18 35 07 30 31 10 44 14 46 06 08 20 14 21 22 37 16 03 27 02 12 52 00 26 29 17 19 23 03 30 25 01 75 18 00 12 51 17 04 10 00 08 04 14 03 00 01 00 00 01 00 00 02 00 00 00 00 00
13 00 00 00 27 13 86 31 80 06 32 74 00 21 14 05 15 14 71 00 76 07 18 21 53 05 16 43 03 35 23 09 26 09 06 02 31 05 44 23 09 00 06 06 82 02 00 08 03 08 27 20 29 24 20 24 33 08 55 35 37 15 13 20 11 12 40 16 26 03 70 14 10 17 00 02 06 29 00 06 01 14 19 02 00 00 00 00 00 00 00 03 02 00 00 04
00 255 255 00 00 50 86 04 37 00 00 03 25 20 42 64 30 15 00 00 58 02 00 00 15 06 17 00 20 34 10 03 31 64 20 02 00 41 06 20 03 14 43 10 35 13 02 37 34 50 36 11 14 07 24 27 16 32 04 25 18 02 34 03 08 02 51 27 16 34 41 22 38 23 36 14 02 24 35 13 00 14 21 41 00 00 00 00 00 01 01 00 05 00 00 00
68 255 00 00 00 61 53 50 03 00 00 00 72 50 10 03 78 57 14 00 41 63 10 09 15 62 60 09 09 00 19 15 50 00 02 01 04 00 05 19 13 55 02 02 11 23 27 15 22 06 21 12 53 13 24 10 34 47 04 51 11 09 00 19 07 00 00 30 05 04 55 11 18 08 15 26 00 02 58 07 22 47 30 27 56 01 00 00 00 01 11 00 01 00 00 00
255 255 255 64 44 00 00 62 34 00 01 00 00 00 28 52 00 02 00 14 53 00 08 70 38 06 10 04 61 00 20 45 16 14 27 06 16 21 12 04 13 30 06 18 03 08 18 18 16 08 62 13 26 01 12 18 36 38 17 13 15 12 17 58 08 30 01 42 05 17 27 09 43 25 38 01 04 04 00 24 17 70 05 34 36 00 00 00 00 00 00 00 00 00 10 00
255 255 255 04 68 05 62 52 10 00 77 08 00 31 31 41 34 00 39 20 47 00 72 52 06 13 04 55 00 69 09 00 04 17 54 04 07 25 16 00 00 00 00 22 02 02 18 18 11 17 04 38 38 50 45 18 54 14 04 12 00 44 03 01 10 19 05 46 25 09 11 46 09 13 07 23 30 30 10 55 14 19 09 22 00 12 04 00 00 00 03 01 01 00 00 00
38 02 00 11 31 88 86 11 01 01 21 00 36 00 00 03 18 00 72 07 84 07 04 16 71 94 03 27 00 17 70 01 02 50 50 24 16 41 00 08 10 02 40 28 11 00 12 28 18 17 12 00 51 13 53 25 14 38 24 09 48 18 06 37 35 33 32 20 75 15 26 12 42 06 14 01 02 08 41 04 14 50 13 12 09 18 35 10 06 00 00 04 00 03 00 02
00 02 00 00 00 65 29 08 88 40 87 01 32 07 71 15 14 00 49 26 52 00 11 08 21 13 16 18 11 00 22 00 79 11 04 14 11 22 25 46 03 26 01 08 05 31 53 17 42 21 21 17 22 05 32 19 07 20 44 10 22 23 22 02 29 55 32 00 10 46 03 18 27 58 40 03 05 27 29 30 59 29 42 06 30 01 32 35 07 11 00 04 02 02 02 00
00 02 00 00 09 14 04 57 64 01 00 00 48 48 11 13 00 00 47 30 08 00 41 00 86 39 47 53 00 00 24 12 00 35 35 23 01 35 50 17 21 38 36 25 32 04 31 00 42 54 32 04 30 30 03 17 08 31 32 16 28 28 37 36 63 09 20 42 34 30 17 48 11 23 06 40 01 47 33 16 19 75 37 37 41 04 04 08 21 10 00 05 00 19 55 04
00 00 02 00 23 55 22 20 10 08 36 25 00 40 43 84 21 23 08 26 46 00 08 48 01 00 27 59 11 56 51 41 63 38 00 18 00 11 38 27 18 11 05 34 22 33 00 29 07 25 16 25 25 08 35 07 37 31 02 29 28 38 18 18 55 28 29 12 12 05 18 29 11 01 42 03 06 53 51 08 61 46 26 64 71 64 50 21 42 09 02 00 00 25 38 14
00 00 10 00 06 23 36 24 45 34 32 49 00 74 13 01 52 38 12 44 45 15 63 60 02 49 44 16 05 17 11 72 09 00 00 60 13 04 04 00 51 15 20 68 16 11 15 39 21 23 56 00 40 07 07 36 16 01 19 20 27 08 16 10 41 01 34 17 53 06 10 16 28 04 14 25 12 60 56 52 60 47 21 08 60 38 07 24 53 24 13 38 56 66 38 74
00 00 00 00 00 30 90 26 50 26 04 91 10 85 05 39 37 11 09 32 46 37 05 22 35 43 20 42 53 27 05 05 70 12 07 28 00 43 33 05 03 21 22 06 25 14 00 20 00 14 44 23 09 08 05 17 00 22 33 07 03 24 19 26 02 29 37 14 69 13 33 17 27 24 27 10 15 87 74 27 07 58 32 47 13 33 18 18 26 18 23 43 23 02 10 20
00 00 00 00 01 255 255 255 255 13 00 00 12 55 19 26 29 62 25 24 40 40 24 12 80 30 27 61 24 57 57 07 05 00 29 69 02 11 15 42 45 16 51 08 51 15 00 22 34 00 00 00 37 16 05 05 08 05 03 09 12 11 22 23 00 23 16 28 47 39 09 36 15 17 29 12 34 43 32 28 38 16 21 67 17 18 66 01 94 05 04 04 36 28 04 24
00 00 00 00 00 00 00 255 255 00 00 00 00 19 97 88 60 07 12 10 09 35 82 33 05 14 46 46 45 32 61 35 04 06 64 05 47 32 90 02 08 10 42 08 37 55 00 17 15 00 16 35 00 00 05 15 01 01 22 23 17 13 04 08 17 18 23 40 28 27 12 31 49 06 42 16 42 57 20 46 59 38 39 53 46 05 22 34 34 00 08 45 84 09 41 04
00 00 00 07 255 255 255 255 255 00 00 00 00 00 10 08 08 00 00 64 34 57 13 89 59 50 60 18 67 57 09 12 50 44 04 03 10 01 28 00 30 58 32 54 00 04 00 77 00 64 00 09 11 14 06 12 05 46 29 10 35 24 10 34 19 25 28 29 08 32 17 31 07 23 26 07 58 13 05 61 36 55 18 44 29 36 59 14 29 25 46 25 01 03 87 11
00 00 00 00 255 255 255 255 255 00 00 00 00 00 00 00 00 00 00 11 04 11 29 98 66 67 32 22 61 57 42 22 06 31 19 27 04 59 14 16 58 03 00 30 00 50 25 09 27 02 32 00 09 29 01 09 08 11 11 14 00 20 53 14 32 31 12 04 21 39 05 03 15 36 06 32 44 80 42 54 17 06 45 51 14 15 40 34 15 05 89 20 01 50 16 16
00 00 00 00 00 00 00 00 00 00 00 00 00 00 00 00 00 00 00 00 00 00 00 00 00 00 00 00 00 02 05 92 07 32 78 34 16 15 01 15 13 03 00 87 25 53 00 85 44 10 78 00 03 45 00 18 16 68 34 03 14 16 00 00 00 31 14 22 24 38 27 11 34 11 34 51 46 67 44 24 31 06 17 06 48 11 22 20 37 29 03 03 17 17 05 06
00 00 00 00 04 00 00 00 00 00 00 00 00 00 00 00 00 00 00 00 00 00 00 00 00 00 00 00 00 00 00 00 00 57 77 61 12 16 08 51 14 11 28 92 06 10 00 05 00 26 00 00 32 40 49 47 14 06 21 23 52 00 04 02 00 14 21 11 31 63 07 25 21 23 58 34 10 47 03 45 28 47 17 54 63 53 12 48 54 40 38 28 16 25 58 11
00 00 00 00 00 00 00 00 00 00 00 00 00 00 00 00 00 00 00 00 00 00 00 00 00 00 00 00 00 00 00 00 00 00 00 00 00 14 80 50 11 35 20 00 04 18 20 50 55 70 34 00 00 02 20 60 04 00 04 28 18 09 37 02 00 27 29 17 26 35 10 45 04 24 41 15 25 31 28 08 08 28 35 39 64 47 38 79 42 84 32 43 21 03 22 12
00 00 00 00 00 00 00 00 00 00 00 00 00 00 00 00 00 00 00 00 00 00 00 00 00 00 00 00 00 00 00 00 00 00 00 00 00 00 08 25 62 90 04 16 40 46 23 00 02 27 25 00 00 13 26 00 37 18 29 08 50 04 60 02 07 30 07 45 24 26 41 41 24 29 39 14 67 36 05 54 18 44 57 12 65 14 19 12 14 43 90 94 55 03 69 22
00 00 00 00 00 00 00 00 00 00 00 00 00 00 00 00 00 00 00 00 00 00 00 00 00 00 00 00 00 00 00 00 00 00 00 00 00 00 00 00 00 00 00 00 87 16 69 28 00 84 32 36 18 35 50 08 04 34 30 40 00 00 31 25 00 41 07 06 33 08 36 02 15 10 28 45 16 21 16 50 39 44 55 79 38 18 82 56 43 60 50 76 100 57 35 33
00 00 00 00 00 00 00 00 00 00 00 00 00 00 00 00 00 00 00 00 00 00 00 00 00 00 00 00 00 00 00 00 00 00 00 00 00 00 00 00 00 00 00 00 00 00 00 10 03 11 00 03 05 46 00 41 25 23 01 45 39 02 23 04 15 00 40 01 34 33 29 22 20 30 42 50 36 48 70 18 22 22 20 35 02 36 82 40 48 50 16 16 97 100 12 54
00 00 00 00 00 00 00 00 00 00 00 00 00 00 00 00 00 00 00 00 00 00 00 00 00 00 00 00 00 00 00 00 00 00 00 00 00 00 00 00 00 00 00 00 00 00 00 00 10 70 12 23 48 38 32 00 16 00 06 13 63 01 30 23 13 62 30 06 31 24 20 02 35 19 39 38 17 64 28 19 25 23 41 29 14 15 35 36 71 31 91 58 71 82 36 67
00 00 00 00 00 00 00 00 00 00 00 00 00 00 00 00 00 00 00 00 00 00 00 00 00 00 00 00 00 00 00 00 00 00 00 00 00 00 00 00 00 00 00 00 00 00 00 00 00 00 15 01 00 06 06 32 06 00 35 50 00 00 56 32 23 12 02 08 08 58 39 35 47 60 34 60 23 47 41 56 22 06 29 37 16 15 40 35 33 63 62 75 42 43 38 12
00 00 00 00 00 00 00 00 00 00 00 00 00 00 00 00 00 00 00 00 00 00 00 00 00 00 00 00 00 00 00 00 00 00 00 00 00 00 00 00 00 00 00 00 00 00 00 00 00 00 27 73 33 00 00 36 21 26 14 00 45 37 07 25 04 04 00 83 10 27 00 19 50 06 34 43 59 78 06 63 25 12 26 08 14 76 28 10 23 61 24 16 18 03 50 05
00 00 00 00 00 00 00 00 00 00 00 00 00 00 00 00 00 00 00 00 00 00 00 00 00 00 00 00 00 00 00 00 00 00 00 00 00 00 00 00 00 00 00 00 00 00 00 00 00 00 02 27 45 15 07 06 02 12 00 00 10 29 62 01 02 75 07 08 41 39 16 02 47 70 68 55 38 40 12 30 21 59 40 22 21 60 71 41 20 29 20 34 54 09 50 18
00 00 00 00 00 00 00 00 00 00 00 00 00 00 00 00 00 00 00 00 00 00 00 00 00 00 00 00 00 00 00 00 00 00 00 00 00 00 00 00 00 00 00 00 00 00 00 00 00 00 00 00 00 62 31 37 21 20 06 20 33 44 09 28 43 00 28 66 72 21 13 11 27 70 65 36 82 17 45 14 11 53 43 75 33 31 35 40 56 25 43 31 40 50 31 51
00 00 00 00 00 00 00 00 00 00 00 00 00 00 00 00 00 00 00 00 00 00 00 00 00 00 00 00 00 00 00 00 00 00 00 00 00 00 00 00 00 00 00 00 00 00 00 00 00 00 00 00 00 42 11 62 56 86 03 00 06 62 08 30 63 28 02 13 20 72 36 86 93 31 69 94 57 43 32 66 42 86 86 71 55 17 72 28 38 38 25 20 13 22 68 58
