packages/cartolidar/cartolidar-0.0a14-py3-none-any.whl/cartolidar/data/asc/PuenteDuero/348_4600_2017_cob050_200cm.asc
ncols 200 
nrows 200 
xllcenter 348005.000 
yllcenter 4598005.000 
cellsize 10.000 
nodata_value 255 
[rows 0 to 47 of 200, columns 0 to 95 of 200]
33 00 255 17 12 00 00 00 00 00 11 06 12 00 01 02 00 01 00 00 255 03 07 255 255 255 255 15 00 00 00 00 00 00 00 08 255 00 00 00 08 50 255 12 72 26 00 05 41 127 37 13 12 90 70 12 12 16 30 60 13 50 26 21 03 05 06 16 13 41 71 45 17 13 86 25 05 05 08 02 255 79 18 255 11 28 12 13 14 255 13 76 21 64 33 16
23 12 88 04 24 15 255 01 07 06 04 05 08 00 16 50 08 27 255 54 255 255 255 255 255 00 00 00 00 00 02 255 00 00 08 61 29 45 16 31 31 41 20 52 116 26 87 04 45 23 38 65 17 255 17 05 03 32 18 94 102 21 35 34 08 23 07 06 22 11 12 30 42 255 32 29 16 66 19 10 12 09 27 46 255 255 20 31 08 24 93 14 33 71 62 08
14 25 19 25 26 43 28 32 12 18 03 30 255 30 45 255 255 255 255 255 255 05 255 255 05 00 00 02 00 02 24 00 07 52 42 112 04 16 16 08 38 30 15 18 255 08 35 12 50 75 255 255 33 14 21 19 02 44 10 70 03 48 255 26 08 103 84 02 16 04 06 12 08 10 26 11 06 10 04 07 23 57 27 02 17 03 06 80 107 19 73 107 41 16 13 15
00 26 28 36 00 32 05 14 12 44 255 255 255 255 255 255 40 255 07 44 02 00 00 00 01 255 00 11 23 04 50 00 15 13 28 15 72 08 16 22 04 13 15 00 255 57 23 58 30 83 25 57 13 255 25 19 03 43 42 94 255 26 26 28 64 07 52 11 05 21 255 42 31 43 11 00 17 255 11 16 32 31 57 24 37 76 09 14 23 12 255 40 18 53 15 10
06 33 33 255 255 255 255 255 255 255 255 63 69 43 255 03 02 40 02 33 00 00 00 255 03 05 33 100 21 18 13 01 255 61 38 63 255 255 21 21 02 15 29 14 85 42 36 54 14 25 34 255 37 27 66 21 32 41 17 10 09 12 10 30 45 88 255 48 37 18 24 31 12 16 21 30 07 32 21 12 33 44 19 16 68 38 255 38 72 41 85 30 25 00 06 83
255 255 255 255 255 20 80 104 255 255 255 17 06 13 42 94 38 07 255 00 00 255 00 00 66 12 20 00 05 47 12 16 04 255 38 91 255 07 50 07 10 04 81 120 58 27 89 100 00 20 38 255 20 16 255 68 48 22 07 13 08 255 04 29 08 15 63 69 12 17 11 02 28 42 27 15 19 18 16 21 25 15 255 103 65 20 70 35 94 64 10 08 13 26 255 10
255 120 13 255 255 01 10 00 00 16 255 03 34 28 00 39 25 100 21 00 00 00 11 37 16 20 16 14 08 17 255 24 06 18 16 17 11 55 100 21 50 255 03 33 35 40 04 50 13 16 14 29 19 17 20 07 03 05 11 13 255 255 16 14 10 29 255 25 04 09 31 32 64 04 09 06 17 14 31 40 45 04 33 73 59 50 37 23 09 04 10 24 02 25 00 04
12 01 00 255 00 00 255 00 00 00 255 255 255 00 00 16 19 10 10 100 60 25 23 15 66 17 06 30 11 22 255 19 26 26 25 09 13 30 255 12 05 255 15 24 43 30 12 01 09 33 21 17 13 26 17 92 27 07 01 12 06 11 23 19 19 07 58 47 27 13 116 16 11 07 10 26 20 18 20 35 21 73 00 09 61 09 75 37 15 03 20 02 11 55 22 255
27 13 20 10 00 255 07 00 00 00 255 00 00 00 255 00 25 42 87 53 15 30 30 23 61 255 30 37 25 53 05 100 45 02 20 255 10 44 28 83 07 08 13 40 11 50 07 05 09 40 11 13 10 255 255 29 41 11 03 06 20 07 12 93 14 10 10 32 255 15 48 14 75 05 09 10 255 45 24 20 255 00 18 32 04 06 10 15 16 15 04 06 47 01 00 33
07 07 13 75 22 10 01 255 11 36 255 12 05 13 23 00 28 40 66 35 41 16 25 25 26 36 54 42 71 255 57 16 90 22 20 04 64 90 45 58 17 14 20 50 41 54 06 09 30 60 06 93 10 02 07 26 14 05 04 48 13 09 07 12 05 11 11 02 06 04 11 03 15 06 11 00 255 255 04 255 00 19 31 03 60 01 06 29 04 255 255 255 255 03 08 255
255 255 43 22 255 64 33 00 10 00 255 25 08 23 47 05 03 00 60 71 29 54 81 44 29 13 36 38 03 04 62 29 255 36 61 33 18 117 36 50 09 42 53 15 51 21 92 255 14 14 27 19 03 00 09 33 22 07 05 10 13 07 07 05 12 18 09 255 07 08 03 09 17 00 255 12 255 255 01 10 00 255 06 02 33 11 20 255 255 255 255 255 255 10 255 255
17 08 06 03 65 25 255 00 00 255 28 00 255 13 04 255 05 00 52 20 25 54 53 56 05 61 41 32 27 18 19 37 09 06 08 60 10 69 59 05 66 255 20 17 18 27 15 21 22 14 34 56 36 15 05 18 14 06 06 07 15 41 16 87 13 09 12 255 24 13 30 18 255 06 05 23 18 21 255 255 255 255 255 01 05 03 04 255 255 05 07 255 255 01 255 10
01 02 00 00 255 04 01 25 255 255 00 00 00 255 255 15 00 00 10 05 45 255 24 10 30 06 13 27 14 16 11 66 13 05 04 22 12 25 36 12 60 255 05 08 255 30 50 42 15 03 28 22 32 10 07 53 14 16 22 33 25 11 10 06 23 27 02 13 12 19 06 07 01 01 00 02 255 37 255 255 255 03 255 255 10 255 07 255 255 16 25 255 255 01 00 06
255 255 00 00 255 24 55 27 14 125 255 38 00 255 255 255 00 00 04 55 06 05 30 22 51 23 40 14 12 08 07 07 38 24 31 108 18 01 17 46 255 14 72 17 23 20 03 05 57 13 16 23 59 01 18 11 11 07 04 01 02 00 42 18 07 31 06 255 255 35 19 10 14 02 43 09 255 255 02 02 255 255 255 255 38 50 04 00 255 16 255 255 00 03 255 65
15 255 15 00 255 255 255 18 15 08 10 51 30 11 00 255 00 00 00 255 08 92 42 20 19 51 36 27 85 26 36 43 30 17 37 62 29 04 05 11 255 11 31 09 24 06 24 31 13 18 14 28 25 46 83 50 14 14 255 07 255 02 255 35 15 255 00 01 00 00 10 13 21 18 255 00 00 31 255 01 12 255 255 255 05 40 16 03 04 15 30 15 19 16 28 15
08 28 37 08 03 02 07 21 17 10 06 12 42 51 07 03 23 255 00 00 00 00 22 26 00 29 39 107 13 39 44 54 38 58 255 23 30 02 03 02 06 32 15 03 01 08 14 05 15 03 05 255 75 34 34 28 10 12 255 01 02 17 07 255 05 05 255 255 03 02 255 02 255 01 01 01 255 08 255 06 00 33 255 23 33 08 03 14 22 24 20 11 26 35 40 44
32 01 09 02 01 00 05 25 36 76 17 24 07 10 01 02 04 05 00 255 255 00 10 02 12 22 51 18 67 19 24 38 58 255 24 15 07 81 23 61 16 15 16 25 15 09 27 08 15 20 10 255 25 33 04 05 08 255 255 255 255 16 31 255 255 01 07 255 255 255 02 00 255 255 255 255 255 00 255 255 255 16 11 01 07 27 09 06 12 11 18 13 18 255 61 25
01 07 34 00 00 00 255 03 01 70 05 255 17 33 255 21 40 25 18 255 00 255 00 00 16 27 08 06 37 07 51 79 20 53 255 42 23 28 14 30 02 60 20 16 20 20 20 22 09 26 15 60 00 255 06 12 04 255 03 34 255 18 05 16 04 15 00 255 04 02 255 00 255 255 255 00 255 01 06 255 255 53 06 22 15 04 17 05 05 04 19 07 01 85 255 68
255 255 08 02 04 00 00 00 255 07 117 255 16 13 04 39 17 11 11 10 00 255 00 00 255 33 08 04 255 03 00 80 44 72 63 86 40 255 25 255 14 255 05 30 34 16 35 255 52 70 116 25 07 34 255 15 02 255 11 12 255 255 10 10 11 23 01 255 01 255 255 255 03 04 00 255 02 04 07 255 16 01 17 24 08 255 255 05 10 02 01 04 255 26 11 07
23 11 00 80 00 39 04 29 03 25 21 44 66 17 06 15 12 04 00 13 02 255 22 00 26 00 255 255 255 29 18 14 06 11 52 30 57 91 35 27 50 33 17 20 100 55 41 62 11 04 20 255 02 13 07 00 13 255 01 255 255 255 10 05 05 02 255 255 11 255 255 255 16 03 19 21 24 25 06 07 255 23 07 255 255 255 255 24 14 255 17 10 255 100 11 255
05 16 36 46 02 11 20 38 63 58 75 16 255 17 13 08 29 20 16 44 04 04 16 04 07 27 255 255 00 00 255 255 00 05 255 32 42 255 255 40 43 22 10 36 42 28 47 16 08 16 28 63 18 25 255 13 00 05 17 255 14 43 02 05 08 06 11 10 255 32 07 60 09 03 09 23 31 22 14 14 08 40 04 10 06 255 255 18 05 04 19 09 03 05 13 51
255 00 34 37 67 09 16 00 05 51 30 15 18 14 12 100 51 39 08 12 07 05 07 17 00 13 08 15 02 04 00 255 00 00 04 44 12 01 00 00 47 100 255 12 50 20 46 37 05 16 04 00 14 255 35 40 20 255 01 27 255 255 00 04 26 20 40 04 27 25 08 16 10 16 32 255 23 10 73 07 09 10 10 09 11 16 08 08 03 02 02 01 03 06 255 100
07 10 51 58 29 16 28 08 24 21 20 21 58 82 38 30 47 22 03 32 07 04 12 38 05 00 00 09 24 25 28 27 11 02 16 255 00 00 57 61 10 11 00 09 100 93 255 255 255 255 25 58 100 06 13 41 12 08 07 09 07 03 12 33 10 30 14 12 12 64 02 255 255 13 10 58 10 31 28 23 24 32 51 27 10 14 16 07 10 03 26 07 09 01 04 01
255 08 50 06 00 28 15 255 25 18 255 21 21 43 75 56 04 22 18 07 24 02 03 68 255 07 08 63 10 80 82 66 54 255 18 10 63 255 62 255 255 04 12 100 60 25 255 33 255 00 18 255 255 255 61 255 255 25 36 15 01 38 54 40 27 04 04 18 06 29 13 08 21 40 06 45 10 15 17 29 51 09 24 18 34 14 16 255 14 09 07 10 255 12 02 10
19 38 122 255 06 11 02 12 08 20 38 35 20 72 46 01 41 30 23 27 08 17 04 05 41 66 13 20 72 44 60 15 255 46 28 15 47 104 15 18 255 255 255 12 00 00 27 255 255 00 255 255 255 56 100 255 255 44 100 11 11 35 13 15 11 02 10 28 22 42 33 60 60 23 255 58 55 33 24 21 255 08 24 07 11 26 03 22 21 09 13 07 07 00 01 06
11 255 100 69 104 32 255 27 15 48 21 10 36 25 60 69 112 17 29 16 16 48 23 66 16 07 03 09 15 03 78 23 100 19 255 37 43 05 22 28 18 255 11 255 255 00 255 255 33 255 255 255 255 75 255 16 20 08 26 29 255 98 10 31 31 11 13 17 62 21 52 100 108 10 13 25 81 81 87 24 255 06 21 41 32 08 10 57 16 22 01 12 01 07 05 10
02 47 37 62 255 73 105 31 14 34 01 20 17 77 30 118 33 33 01 00 14 32 12 07 08 00 08 36 46 06 33 70 17 30 64 00 05 19 255 255 36 255 00 04 25 00 255 255 83 255 255 25 255 255 55 55 15 09 27 14 255 255 15 27 31 23 32 16 17 23 26 44 22 15 46 02 02 10 77 81 66 16 26 46 57 48 11 19 04 11 36 05 255 05 03 00
19 18 54 255 60 100 54 89 12 37 48 38 67 63 255 27 02 16 40 65 255 44 11 56 16 76 17 66 13 10 14 50 83 15 45 17 33 34 255 05 05 21 81 11 18 83 255 255 255 255 255 255 255 255 255 255 96 65 49 35 87 46 37 86 85 40 31 16 15 94 58 68 10 22 61 255 88 43 05 255 255 75 15 14 16 31 04 10 18 16 34 28 255 07 06 58
255 38 07 42 60 18 71 102 28 25 114 35 255 108 255 70 70 79 12 67 46 89 12 06 04 255 31 33 09 12 33 48 50 28 36 25 36 255 30 255 80 26 11 27 00 255 255 255 40 255 00 255 255 255 255 03 00 255 12 32 09 21 29 28 28 28 15 15 48 116 73 21 07 18 05 13 18 04 35 27 20 32 16 52 38 17 02 23 20 13 14 255 03 06 20 50
255 75 02 255 20 61 44 48 48 14 79 45 47 112 44 28 16 48 10 37 87 105 17 29 01 17 16 31 10 05 40 41 02 81 15 34 78 17 25 255 255 255 00 18 00 11 19 11 03 00 00 255 00 62 255 255 255 255 11 09 255 40 20 37 14 17 21 27 116 47 12 114 33 48 39 44 12 63 37 38 06 02 45 46 107 59 13 40 16 26 17 10 10 13 12 35
62 255 255 255 17 33 61 14 45 54 25 36 40 09 37 30 80 255 62 07 17 48 40 26 16 09 47 18 19 11 07 255 105 83 37 89 255 111 113 83 40 22 20 50 255 16 28 33 33 02 30 255 00 255 255 255 255 255 255 255 53 255 255 46 30 65 100 31 18 23 16 32 13 18 255 29 27 39 12 07 24 66 255 10 05 23 35 10 21 04 18 08 25 25 16 111
40 70 127 35 92 37 17 44 255 255 21 60 255 25 255 02 255 255 14 66 26 24 10 27 10 51 23 18 18 03 17 15 11 22 255 255 16 112 16 43 65 15 00 255 11 66 33 70 38 57 03 00 00 00 05 255 255 63 09 02 255 255 113 255 03 95 96 67 31 255 13 22 18 37 17 11 29 37 45 46 03 09 16 18 14 08 13 04 53 50 23 27 08 10 09 41
77 33 47 27 14 255 00 01 09 18 28 255 55 59 255 10 28 91 255 17 38 16 20 29 62 84 83 107 114 38 48 10 11 24 88 18 23 255 15 56 118 80 31 08 22 73 64 77 80 80 20 40 22 255 40 03 255 255 30 03 255 255 255 255 255 255 07 255 07 38 75 91 255 78 54 64 47 25 93 28 10 02 23 28 95 14 18 05 18 12 18 03 04 07 04 14
60 06 32 255 80 255 255 23 17 09 05 22 09 47 78 21 28 108 100 22 76 63 17 255 255 27 04 255 255 255 15 04 00 85 15 94 125 15 11 75 29 255 02 06 43 12 36 07 50 46 33 18 35 37 255 09 02 00 20 01 00 255 00 00 255 255 255 255 33 255 05 14 40 35 21 19 37 14 78 42 88 33 10 02 52 06 00 10 10 63 09 00 255 01 08 01
18 02 25 64 28 78 68 15 255 11 20 02 24 10 20 05 20 66 255 25 39 35 100 255 00 255 100 16 28 255 43 00 34 58 22 80 255 39 72 30 255 31 40 17 45 20 15 100 34 50 255 00 28 255 57 43 81 31 111 00 00 12 02 00 57 00 255 69 255 255 255 09 13 255 37 50 24 25 105 86 31 42 16 18 33 06 02 08 47 06 02 33 10 24 07 13
15 29 32 16 43 55 96 28 32 22 11 31 17 35 22 41 13 13 05 26 37 07 21 48 80 255 255 09 255 84 18 43 15 79 69 35 43 78 25 66 40 31 13 27 43 15 40 09 12 53 255 255 255 45 94 95 40 64 12 01 54 255 23 52 12 13 255 22 26 255 255 255 255 255 28 255 37 38 16 96 123 255 84 50 06 11 16 23 40 06 23 02 07 34 09 13
12 15 06 24 19 25 22 47 46 27 58 07 75 43 37 08 255 08 21 12 44 10 255 01 18 45 86 58 36 38 61 255 60 07 08 47 17 32 100 76 31 23 29 255 10 122 22 110 07 13 06 255 255 106 42 82 44 25 255 07 07 08 52 37 11 64 41 255 57 255 255 11 04 255 255 00 255 00 00 47 65 54 79 43 25 23 10 12 17 16 24 07 08 12 17 07
255 16 05 21 06 08 255 09 39 60 31 65 23 108 53 23 01 11 07 08 09 11 20 06 40 30 23 13 35 55 16 57 07 17 04 20 30 43 255 47 38 01 100 33 27 47 14 108 45 20 18 18 31 81 72 115 255 255 57 88 255 39 61 255 107 08 09 104 45 28 255 04 02 42 68 61 00 00 255 255 255 255 20 100 97 30 39 32 11 18 12 48 06 21 10 05
255 12 57 43 20 22 255 42 87 31 02 42 52 255 93 11 40 31 55 29 04 14 40 05 12 06 28 21 46 11 13 16 26 31 17 08 36 13 255 28 13 44 70 23 36 24 37 50 29 13 60 03 64 37 23 72 255 55 52 58 33 59 47 13 02 18 07 03 03 111 255 255 27 01 06 06 03 64 255 255 255 09 27 48 79 57 21 25 23 51 04 08 24 08 76 27
22 05 23 31 16 41 27 31 32 10 08 08 10 56 95 14 14 42 51 17 14 25 21 16 16 24 71 12 51 255 61 20 44 76 03 42 25 07 07 05 10 30 14 255 20 80 100 00 00 255 33 11 33 18 44 94 25 50 44 90 26 15 44 61 15 255 255 00 05 00 04 255 17 41 25 29 40 255 255 255 255 05 255 12 00 75 24 90 12 31 48 15 12 09 27 10
02 13 10 12 25 26 95 40 15 07 08 12 04 10 10 06 17 32 07 15 41 12 08 18 29 06 11 54 255 05 28 36 90 18 27 20 33 36 00 26 31 85 09 11 13 255 30 00 255 255 52 18 25 25 52 13 91 16 47 49 13 06 18 255 255 40 117 00 123 255 06 12 06 255 02 11 22 09 255 255 00 255 33 06 127 255 52 255 46 25 09 27 23 06 46 255
00 60 28 26 65 01 35 37 12 05 12 25 18 255 04 08 12 22 15 25 09 40 14 40 17 255 38 19 28 04 29 20 23 13 10 27 34 35 09 55 02 37 121 25 50 40 11 00 08 10 90 26 66 54 31 03 16 08 35 14 255 26 10 20 106 95 09 255 93 89 20 94 07 35 57 70 36 32 255 255 255 255 08 20 255 255 33 44 89 100 45 27 41 25 14 106
20 58 47 74 23 255 20 09 15 14 13 14 12 05 07 24 33 18 10 06 17 07 09 08 50 66 23 11 21 29 105 255 75 255 34 24 21 23 52 100 08 03 17 05 05 255 255 10 26 29 33 48 255 06 66 32 36 50 15 09 31 51 22 10 55 42 39 75 22 19 12 37 17 108 20 20 30 18 08 255 00 00 06 114 255 42 19 255 255 65 27 66 255 60 14 100
255 255 19 112 21 28 91 70 17 10 26 10 255 24 07 12 25 11 05 02 14 33 04 07 14 100 105 23 15 22 46 95 255 255 92 90 26 19 30 44 25 38 04 255 04 30 85 20 05 28 66 37 04 17 255 68 42 96 10 11 17 23 15 14 31 28 44 50 14 29 33 15 30 00 04 10 78 255 91 255 00 255 14 255 255 255 255 255 255 121 70 72 06 255 255 73
09 12 12 19 14 48 45 77 79 15 18 02 12 04 20 05 01 34 06 08 16 03 11 17 80 255 43 44 36 255 46 78 255 11 26 21 40 60 60 88 60 33 00 07 20 00 255 04 62 40 58 11 255 00 113 107 13 22 01 11 08 44 25 23 22 19 18 14 10 22 06 122 35 16 34 120 28 01 19 02 21 00 00 255 255 255 00 40 255 255 255 11 26 74 255 08
44 85 29 81 12 21 27 13 19 07 12 11 70 43 04 37 08 31 05 04 05 15 47 37 100 60 28 01 09 125 59 58 255 00 18 94 07 13 28 255 46 12 00 03 255 26 50 00 16 255 00 16 46 255 30 34 02 09 21 31 61 255 00 255 48 34 30 37 04 45 33 23 75 57 93 23 16 92 69 00 38 06 00 255 255 33 00 00 255 255 255 14 05 61 14 17
34 28 40 66 53 09 40 64 60 12 51 30 56 13 10 16 31 22 08 08 05 20 08 11 62 46 27 31 53 50 26 255 04 00 00 80 29 255 255 21 04 16 255 255 24 54 11 71 07 61 50 00 05 255 16 55 23 12 03 41 97 85 08 04 97 54 255 16 38 08 00 29 39 48 47 255 35 50 55 18 61 13 00 00 00 255 255 00 255 255 255 255 04 10 21 10
12 28 27 24 30 04 255 255 26 54 03 04 16 90 36 118 15 07 03 255 03 09 110 50 24 34 15 62 82 52 03 29 11 01 10 123 11 38 28 255 255 255 255 09 13 255 33 50 20 53 50 66 36 255 92 08 15 15 46 255 93 111 03 74 06 26 18 16 255 09 06 04 00 04 45 07 60 25 255 00 19 21 18 00 00 00 00 00 255 255 255 255 255 11 25 19
