packages/cartolidar/cartolidar-0.0a14-py3-none-any.whl/cartolidar/data/asc/PuenteDuero/348_4600_2017_fcc3m.asc
ncols 200 
nrows 200 
xllcenter 348005.000 
yllcenter 4598005.000 
cellsize 10.000 
nodata_value 255 
[rows 55 to 109 of 200, columns 96 to 191 of 200]
41 44 23 02 00 14 44 03 04 01 09 04 15 02 05 07 03 25 27 07 03 06 12 44 27 07 13 33 05 05 01 13 24 00 15 01 01 42 04 02 16 00 01 12 04 36 48 09 09 39 18 01 00 11 54 14 23 16 12 24 00 03 03 00 06 34 86 53 22 07 16 00 02 83 17 02 19 10 01 37 03 00 21 07 56 56 23 20 15 12 43 04 03 06 13 39
07 08 04 14 35 04 00 04 18 05 37 03 30 21 04 04 08 05 09 02 02 07 05 05 03 00 25 05 00 16 04 02 11 00 00 00 01 20 58 27 16 13 01 07 08 32 10 50 12 31 32 00 21 29 53 00 00 17 19 01 12 01 10 05 00 05 14 37 00 09 43 20 42 37 39 07 52 94 17 16 04 01 01 01 17 34 21 07 22 20 06 13 34 05 40 00
02 06 17 04 00 18 04 00 00 00 19 11 02 09 12 10 40 00 00 03 04 11 00 13 11 09 02 00 22 26 24 06 05 21 35 02 00 00 11 04 00 13 00 06 00 00 30 15 08 15 07 09 45 33 09 64 14 17 56 35 13 02 73 33 15 18 69 59 09 72 51 10 09 02 00 00 34 30 33 01 16 06 02 35 09 08 05 03 23 36 16 21 30 08 34 00
05 00 31 01 05 13 01 01 00 00 00 00 22 00 00 08 20 24 15 28 17 11 00 04 15 13 08 13 24 42 01 02 00 57 88 14 07 00 00 30 02 17 03 25 07 18 00 00 03 07 12 51 33 33 91 39 06 78 94 06 10 23 80 92 100 78 54 05 68 64 27 13 14 53 15 10 00 00 27 58 17 22 09 42 03 09 17 66 02 45 53 07 12 32 53 47
06 01 01 00 00 00 00 01 20 74 42 00 00 00 00 00 14 10 66 18 01 00 03 21 50 30 65 34 12 01 04 20 33 24 14 63 08 18 11 00 02 25 00 01 04 43 17 55 08 07 81 33 17 31 36 41 33 81 29 13 06 00 29 91 57 32 07 47 79 46 04 35 59 09 03 03 03 06 20 47 47 11 20 18 43 07 03 21 17 27 06 18 08 34 47 00
31 00 01 00 00 01 01 00 00 29 14 01 04 01 00 00 00 05 14 31 01 09 11 08 44 79 56 33 07 00 00 13 04 12 02 01 05 15 23 02 73 14 01 04 03 05 17 22 17 16 42 27 15 38 00 00 00 00 00 00 00 00 00 00 01 00 29 72 60 54 88 62 36 10 06 15 38 02 10 02 23 09 00 00 20 72 21 59 23 13 00 32 15 20 18 23
01 07 01 00 01 05 01 03 00 00 01 08 04 00 00 00 00 03 25 28 29 41 17 06 10 08 09 13 02 11 31 02 03 00 16 07 25 06 00 04 02 04 09 01 36 04 10 60 65 32 37 02 57 73 00 00 00 00 00 00 00 00 00 04 00 00 24 26 47 52 62 72 31 40 22 33 44 38 07 19 50 19 01 01 03 15 01 24 40 38 00 00 13 00 10 28
00 00 00 00 00 01 03 00 01 03 00 01 00 03 00 01 09 01 06 08 05 02 41 32 02 06 04 06 09 07 14 20 56 50 30 22 12 14 14 30 12 16 18 20 29 07 03 02 03 00 00 00 00 00 00 00 00 00 00 01 00 00 00 00 00 00 00 00 00 25 65 86 38 45 24 50 26 01 31 11 33 18 09 09 07 04 11 21 08 12 00 07 43 31 05 10
00 00 02 00 00 01 00 00 01 00 00 00 03 00 01 00 01 07 03 00 01 00 00 03 00 07 32 13 05 06 05 30 68 56 75 36 26 26 15 05 13 07 01 18 35 17 09 01 22 07 00 00 00 00 00 00 00 11 06 21 05 09 03 00 15 00 00 00 00 00 00 21 59 88 100 62 50 28 32 62 26 12 21 08 00 04 04 23 00 00 07 13 01 06 04 16
01 00 00 00 02 00 02 00 01 00 03 00 00 03 03 04 00 01 05 06 05 30 00 00 00 00 04 13 00 16 03 07 04 04 36 37 00 01 00 00 00 00 00 00 00 00 02 00 00 00 00 00 00 02 07 05 08 04 07 10 14 07 10 18 07 01 00 00 00 00 00 00 00 00 35 38 50 60 29 54 66 33 02 08 02 06 04 02 07 02 31 03 00 00 03 03
06 00 00 00 00 00 01 00 03 01 00 14 00 01 00 00 05 00 01 00 05 08 01 02 00 00 00 02 00 00 00 01 10 00 02 06 06 00 00 18 00 00 00 00 00 00 00 00 00 00 01 12 23 15 12 07 02 03 09 02 05 09 26 05 09 08 06 05 00 00 04 05 00 00 00 00 00 00 00 06 31 35 28 38 40 24 11 30 01 00 06 34 02 05 18 40
01 16 01 00 00 00 00 00 00 06 00 01 01 00 01 05 08 03 03 03 00 01 00 01 05 19 10 12 15 02 03 08 06 00 00 00 02 00 00 00 00 00 00 00 00 00 00 02 00 08 05 16 11 06 00 09 30 08 07 04 06 02 12 05 05 03 15 16 01 00 29 15 00 00 00 28 00 00 00 00 00 00 00 05 23 52 40 14 34 26 41 45 42 43 45 21
04 00 00 00 00 00 00 00 01 01 00 00 00 01 00 00 01 00 04 01 00 01 00 00 03 11 00 00 01 00 00 04 01 04 01 03 04 11 01 10 06 06 12 00 04 00 00 05 05 15 15 16 09 03 01 02 00 10 04 01 05 01 04 02 04 03 10 04 14 01 21 00 00 00 00 35 00 00 05 18 00 23 00 03 11 00 00 06 22 06 25 34 39 22 01 00
00 00 01 00 00 04 01 00 09 02 00 10 00 04 21 10 06 01 02 03 00 09 07 03 00 02 00 00 12 01 00 08 04 00 05 01 06 06 15 08 00 10 03 11 47 15 04 04 00 03 04 06 03 00 00 02 01 48 12 04 01 01 00 01 02 00 04 10 12 10 18 04 00 00 11 10 00 00 12 34 22 27 30 12 66 67 26 08 23 01 11 01 02 03 32 54
00 00 00 01 00 04 00 00 36 01 00 00 00 03 00 00 03 00 09 05 01 06 07 08 08 06 08 00 10 02 04 10 19 10 11 00 03 05 00 01 00 04 03 04 04 06 08 02 00 07 05 00 02 02 02 05 02 06 03 05 06 09 07 01 02 02 05 05 08 10 06 14 09 00 24 76 04 13 07 38 02 21 22 47 65 03 16 26 22 20 27 36 78 54 85 83
00 01 01 01 00 00 03 01 02 00 00 00 17 46 01 02 00 00 02 00 03 04 02 08 01 00 00 00 02 01 06 06 00 05 07 02 09 04 04 01 00 00 02 04 08 04 16 00 07 04 02 00 08 07 19 01 02 01 03 01 14 00 04 02 00 02 00 12 25 01 00 08 10 00 04 33 80 97 78 64 83 63 48 92 59 37 42 11 04 53 94 50 87 42 69 39
00 00 00 00 00 01 03 00 00 00 00 13 01 01 01 00 01 00 06 06 00 00 01 00 01 00 00 04 00 00 08 00 00 00 00 00 00 04 00 00 00 01 00 06 01 17 04 07 08 03 02 02 07 03 00 03 13 03 01 02 08 00 03 01 11 00 09 06 47 05 08 13 02 00 00 00 35 100 74 90 40 58 11 25 52 71 61 93 47 95 100 44 10 11 14 17
00 00 06 01 00 00 00 00 00 02 06 13 03 01 00 00 00 00 07 25 00 03 03 01 00 01 05 03 02 01 10 00 00 00 00 01 02 00 02 02 00 00 00 00 08 09 09 14 02 05 02 05 05 00 00 11 08 00 05 07 01 06 04 01 04 00 02 01 00 00 03 06 01 12 02 06 10 96 11 06 16 15 00 00 15 68 41 21 25 64 75 37 20 07 08 13
00 00 01 00 00 00 00 01 01 00 00 00 00 03 00 00 00 02 09 07 00 00 00 00 00 01 00 01 01 00 00 00 00 02 21 04 00 02 00 00 04 00 05 00 01 10 08 04 05 08 03 06 01 06 06 01 01 00 01 00 26 01 01 00 03 02 00 05 00 03 00 04 05 12 02 00 14 28 00 07 00 06 05 12 12 18 50 55 27 26 08 23 07 16 00 22
00 00 01 49 30 00 00 01 02 00 00 00 00 01 00 00 01 01 13 04 01 01 00 00 00 00 04 01 06 16 03 01 00 06 11 04 00 00 00 00 00 00 00 02 00 10 04 01 06 04 01 04 00 02 03 04 01 05 01 00 00 00 00 02 01 00 01 02 02 06 01 03 00 25 05 08 01 22 10 20 32 09 07 07 14 04 09 11 09 15 15 04 01 07 00 00
00 00 00 03 01 00 00 00 01 30 06 00 00 00 00 00 01 00 00 00 00 00 00 23 20 00 02 11 00 06 00 10 00 00 06 00 00 02 09 35 01 15 13 00 01 00 03 03 01 07 07 01 00 00 02 01 00 02 17 00 01 02 08 02 01 00 00 01 01 02 13 04 05 10 00 03 03 01 05 03 22 01 20 24 00 13 46 62 01 00 12 07 08 01 00 10
00 00 00 00 00 00 00 00 00 32 04 00 01 00 05 01 00 06 00 00 00 02 00 20 17 14 04 00 01 02 07 04 00 00 00 06 00 00 01 19 00 00 02 20 00 00 05 00 02 04 05 04 00 06 05 06 00 04 00 06 04 03 04 00 09 01 00 01 00 03 01 01 01 01 09 05 02 06 03 22 19 04 10 12 17 14 34 19 30 16 42 03 00 05 08 07
00 00 00 01 00 00 00 04 01 01 00 00 00 00 04 00 00 15 00 00 01 63 00 00 00 76 00 01 00 00 00 04 00 00 00 00 00 03 00 00 17 16 00 00 07 00 00 00 01 06 07 05 01 05 04 08 01 04 04 01 13 00 00 04 01 00 02 00 09 09 05 01 05 01 04 09 04 28 08 16 63 50 12 05 14 20 18 20 05 08 17 22 01 05 01 04
00 00 00 00 00 00 00 00 01 00 00 00 00 02 00 01 03 00 00 01 00 00 00 26 00 11 00 01 01 01 01 01 00 00 00 00 00 00 00 00 06 08 00 00 00 01 13 06 01 01 01 00 00 02 06 03 02 02 16 00 08 02 01 10 05 04 00 00 19 01 04 00 01 00 02 00 06 19 29 04 02 06 14 26 07 02 44 17 07 52 42 71 02 03 23 04
00 00 00 00 00 02 01 00 00 00 00 01 01 00 00 00 00 00 00 02 00 00 00 45 00 00 00 00 00 02 00 03 00 01 00 02 02 01 01 00 00 00 00 00 00 01 20 09 00 14 04 18 06 02 04 00 02 04 04 03 00 03 04 02 01 00 00 00 01 02 00 10 02 11 02 16 03 01 05 21 17 00 00 26 92 02 32 00 11 26 03 12 08 04 19 28
00 00 00 00 00 22 06 01 00 00 00 00 00 00 00 00 00 00 00 00 01 00 00 00 00 00 00 00 00 00 01 00 00 01 01 01 00 00 00 00 00 00 00 01 00 00 00 03 00 00 00 01 00 07 00 04 01 04 00 04 04 01 04 08 01 05 02 00 05 03 04 09 01 02 08 09 07 00 00 01 00 00 00 00 61 31 17 00 00 32 52 16 04 14 33 13
00 00 00 00 00 00 01 00 00 00 00 01 00 00 00 00 00 00 00 00 00 00 01 00 18 75 00 01 00 00 00 03 02 00 03 01 23 20 00 01 00 00 02 00 00 00 00 10 10 00 02 07 05 10 04 04 03 01 00 04 10 25 02 03 01 02 01 00 04 06 03 06 09 17 00 00 06 07 07 03 10 44 04 00 09 24 09 09 25 31 15 09 22 10 26 18
00 00 00 00 00 00 01 00 00 00 00 01 02 00 00 00 00 00 00 00 00 00 03 00 00 00 00 00 00 00 01 00 01 00 00 00 28 27 00 03 00 00 00 00 00 00 00 06 01 02 04 01 01 02 04 00 05 02 04 00 02 07 01 01 02 04 00 01 05 00 01 01 01 00 07 04 00 02 08 00 01 10 97 30 04 13 23 16 17 39 16 12 08 24 27 00
01 00 00 00 00 00 01 00 01 00 00 00 02 00 00 00 00 00 00 00 00 01 00 67 00 01 26 00 00 00 00 02 05 00 00 00 00 03 60 00 02 00 01 00 00 00 00 07 00 08 07 00 04 01 00 01 04 03 06 02 02 02 02 04 00 02 04 01 01 06 01 04 00 02 01 01 02 01 01 04 34 28 17 20 04 03 93 57 12 07 00 03 26 54 32 01
00 00 00 03 00 00 00 00 00 00 00 00 00 00 00 00 00 01 03 00 00 00 00 00 00 00 02 11 00 01 00 00 00 02 00 04 00 00 01 00 00 00 00 00 00 00 01 02 01 06 06 00 07 01 13 00 03 03 02 04 00 01 02 01 00 01 00 01 08 00 04 00 03 00 06 02 00 06 02 05 18 35 03 27 08 23 06 02 65 48 10 11 95 62 36 16
00 00 01 00 00 00 02 00 00 00 00 00 01 00 00 00 00 00 00 00 00 00 00 00 00 00 01 11 48 00 00 00 00 00 00 02 02 02 03 00 01 00 00 00 00 00 00 01 06 01 03 12 01 01 04 00 08 03 05 11 11 01 00 00 00 00 04 01 03 09 03 01 00 01 01 00 00 02 11 16 07 13 00 06 35 23 00 02 57 13 67 22 95 40 12 07
01 01 01 00 00 00 01 00 00 00 00 00 01 01 00 01 00 00 00 00 00 00 06 00 00 00 01 00 04 00 00 00 02 06 02 00 00 00 00 00 00 00 00 00 03 01 00 02 01 01 01 15 01 02 00 01 06 02 09 00 00 00 01 01 01 00 00 00 00 00 00 06 01 03 01 02 00 07 07 50 10 04 03 02 02 08 01 30 24 22 16 06 51 52 82 54
00 00 02 00 01 01 16 04 02 39 01 00 00 00 01 00 00 00 00 03 00 00 54 00 01 00 01 00 00 00 00 00 00 01 00 00 00 02 03 00 00 00 04 03 02 03 04 04 17 06 00 02 00 00 01 03 17 03 11 02 00 00 01 02 01 00 00 00 01 00 00 00 02 03 00 02 02 01 20 29 12 21 01 06 18 63 85 25 19 05 50 02 00 24 87 28
00 01 13 04 16 19 09 12 21 33 07 15 14 21 00 08 00 07 00 00 00 00 00 00 01 00 00 00 00 00 00 00 00 00 00 00 00 00 00 00 01 00 02 00 00 00 00 01 01 00 00 01 00 01 03 03 00 09 00 01 00 05 03 06 01 01 00 01 03 01 01 00 00 01 00 00 08 02 01 66 08 45 14 07 02 100 45 04 58 32 55 02 26 10 15 14
13 05 33 04 63 50 17 14 06 20 24 16 17 32 21 24 46 01 02 00 00 00 06 11 00 00 00 00 00 01 00 01 00 00 00 00 00 00 00 01 00 00 02 00 00 00 00 01 00 00 00 03 02 07 03 02 00 08 02 04 02 02 02 00 03 01 04 20 01 02 03 00 04 04 00 00 00 01 00 19 17 05 02 10 39 03 50 51 11 07 23 04 01 05 39 21
00 18 13 25 07 00 00 14 28 30 27 25 03 33 05 10 00 15 08 13 21 09 31 46 00 01 00 00 03 00 03 00 00 00 00 00 00 00 00 00 00 00 01 00 00 00 00 02 01 00 00 00 02 06 00 03 06 05 03 03 00 02 01 01 01 09 05 00 00 00 00 01 03 01 02 01 01 00 00 15 22 73 32 41 90 08 46 12 39 32 02 00 02 07 19 22
52 43 59 05 03 44 26 01 08 06 18 16 18 12 21 00 02 03 20 11 16 04 02 05 02 15 01 00 01 08 14 18 04 07 10 00 00 00 00 00 00 01 08 00 02 00 00 00 05 00 00 02 00 00 00 21 02 06 00 00 01 06 00 00 04 04 13 00 03 02 06 02 00 01 00 01 00 00 04 05 03 08 26 31 11 06 13 21 29 78 00 00 04 24 19 16
19 24 27 00 06 29 36 00 06 19 10 09 15 57 73 00 00 04 01 06 11 08 13 20 42 36 09 23 13 25 42 00 03 01 07 00 00 00 00 02 00 02 00 00 00 00 00 00 00 01 01 01 00 00 05 07 05 14 04 07 03 02 01 06 03 01 02 00 02 00 00 01 00 01 03 06 00 00 00 03 36 70 06 07 01 27 04 03 22 36 18 32 41 16 28 15
07 42 21 15 25 09 22 17 35 21 32 06 18 27 11 19 10 10 18 04 07 30 04 03 02 07 01 00 13 13 32 08 27 14 00 00 00 00 00 00 00 00 00 00 00 02 00 03 00 00 00 00 00 00 06 01 06 00 05 01 10 07 01 11 01 00 02 02 00 01 05 02 03 00 01 01 00 00 00 03 17 31 37 27 10 00 07 58 61 38 40 01 26 07 48 29
20 01 26 08 26 19 22 04 02 17 17 09 03 02 31 20 10 15 20 06 07 10 07 06 27 12 06 26 32 27 16 04 19 13 00 00 01 00 00 00 00 00 00 01 00 00 01 05 01 01 06 00 00 00 02 00 04 02 09 03 01 01 00 01 06 02 21 01 00 09 10 00 04 04 01 05 04 00 00 07 40 01 03 06 06 05 08 14 15 11 17 14 21 44 22 29
02 27 03 47 38 05 05 04 07 07 05 19 07 20 11 15 23 18 00 00 03 03 05 18 04 06 01 35 23 31 07 01 83 04 00 04 00 02 09 02 00 00 00 00 00 00 00 00 00 01 01 01 04 00 03 00 11 04 10 02 18 19 18 05 01 06 09 00 01 00 00 00 04 04 00 01 00 01 02 25 03 75 06 23 52 23 15 13 03 02 07 64 10 38 00 18
34 05 20 07 32 05 20 20 12 39 13 10 06 15 21 07 08 06 04 01 04 05 07 06 15 28 23 27 30 30 06 05 08 08 01 03 00 08 00 02 00 00 00 00 00 00 01 00 00 00 03 00 02 00 00 04 12 01 06 00 02 03 35 20 19 00 01 16 11 08 09 03 00 01 13 03 00 05 45 07 26 03 29 31 30 13 10 06 06 02 06 11 11 42 29 00
07 46 09 00 09 00 15 34 66 00 13 20 11 34 21 18 09 09 16 01 01 15 06 03 29 12 07 11 17 50 09 04 02 22 13 25 60 69 15 06 00 01 00 01 01 00 01 01 00 13 00 05 00 00 01 00 03 01 00 05 01 15 10 27 16 03 10 14 01 01 00 01 01 03 04 01 01 06 24 33 04 14 19 12 34 22 10 06 06 18 02 29 15 76 07 00
05 25 03 09 04 18 46 30 13 06 29 25 24 40 23 05 75 09 17 02 01 17 37 30 04 04 23 54 30 12 04 04 21 20 10 37 58 100 100 33 00 00 00 00 01 00 00 01 04 10 00 00 00 00 00 00 04 07 01 01 81 08 77 22 03 01 00 00 11 23 01 03 03 01 00 01 06 32 11 06 02 03 01 21 07 37 13 01 31 01 03 22 20 65 15 00
48 00 02 18 23 07 44 07 13 03 14 13 12 40 10 27 17 15 05 41 17 03 72 21 33 11 33 42 06 03 08 07 30 12 10 12 64 53 72 29 07 00 07 00 01 00 03 05 01 00 00 00 00 00 02 01 13 39 11 15 61 11 24 04 32 27 39 04 19 13 01 21 06 00 00 08 04 21 28 15 02 03 05 01 00 06 24 04 07 21 06 05 45 36 00 00
04 01 24 48 08 19 35 35 26 53 08 19 26 30 00 16 10 10 07 20 26 31 72 13 25 10 20 34 20 72 37 03 12 61 10 40 15 23 64 00 04 05 00 04 07 01 00 03 02 02 00 00 00 00 00 06 15 27 11 44 26 07 17 08 04 12 00 17 07 19 17 25 16 35 00 29 21 06 100 09 07 12 06 01 02 37 03 03 10 33 46 14 36 33 00 00
12 13 37 65 52 05 11 07 34 11 53 28 09 44 02 28 34 09 85 09 43 59 04 07 09 28 70 06 17 26 12 29 38 30 34 01 07 00 71 11 04 04 00 25 22 13 22 42 07 00 00 01 15 02 01 36 00 22 50 01 04 03 46 18 10 01 07 14 03 20 18 07 26 21 11 46 37 31 75 100 77 05 06 08 11 04 11 27 00 07 06 09 15 04 00 00
38 25 38 20 01 53 19 08 08 01 26 00 30 36 41 26 02 41 04 15 02 01 05 71 08 24 08 22 37 14 01 38 12 10 41 25 12 16 03 13 50 07 16 42 22 14 31 100 26 28 00 04 15 07 15 08 00 15 41 13 00 02 52 47 47 36 48 04 47 01 44 04 42 13 06 34 08 20 39 52 15 28 57 31 85 23 04 31 07 20 54 51 19 00 00 00
22 57 05 10 01 35 69 18 62 29 15 29 19 52 68 18 73 28 33 30 39 66 46 56 19 14 47 35 47 28 09 91 13 51 17 00 02 12 11 60 27 03 34 19 10 05 08 18 76 32 21 16 44 15 01 04 00 30 40 31 17 24 07 72 93 55 25 12 09 11 14 05 02 05 12 21 25 100 63 21 12 54 37 00 25 26 18 15 10 02 14 33 12 00 00 00
08 49 05 13 50 16 06 01 50 35 13 61 10 24 30 50 32 00 13 01 37 18 13 24 07 01 05 11 07 15 03 20 40 21 04 08 00 01 00 08 37 09 05 43 20 41 09 08 12 22 32 16 84 18 13 12 21 01 28 52 24 40 04 24 19 21 08 30 25 27 33 15 07 26 14 16 92 85 21 04 29 33 22 15 00 04 06 00 08 05 32 22 00 00 00 00
18 03 45 09 23 07 78 28 18 69 35 45 20 14 00 66 07 14 47 29 65 66 11 20 10 01 13 19 11 15 06 30 46 01 06 03 04 41 14 40 60 16 73 00 00 00 25 18 10 07 10 18 08 00 60 80 34 25 13 47 10 00 00 20 12 11 46 31 03 00 39 18 54 00 28 39 03 03 00 00 08 86 08 26 25 05 57 34 15 64 100 23 00 00 00 00
33 54 49 48 57 03 13 32 41 17 10 66 36 71 03 67 81 10 52 11 51 14 10 42 56 14 01 42 04 12 44 01 04 37 13 19 06 08 00 29 15 42 15 00 37 05 40 22 01 25 72 39 01 28 00 12 23 14 02 00 07 09 04 04 20 27 13 07 00 15 01 00 00 02 11 07 00 05 20 07 19 92 26 85 72 04 34 37 67 97 42 00 00 00 00 00
14 07 27 03 22 05 01 28 07 38 57 50 14 06 00 05 03 00 10 17 22 00 41 13 15 17 07 37 13 22 51 10 16 18 03 20 20 10 09 43 33 06 21 07 09 27 25 20 14 48 58 45 13 22 24 42 58 00 00 03 25 09 10 01 19 07 00 06 02 00 15 29 00 07 04 08 07 24 28 04 01 18 12 30 13 06 44 07 30 63 03 00 00 00 00 00
68 06 05 36 61 23 00 18 42 41 60 17 43 08 10 31 04 00 41 36 89 15 37 01 03 06 00 19 51 05 45 22 29 12 22 26 00 10 11 15 00 19 00 01 14 07 01 42 04 15 16 21 16 23 17 52 21 08 00 28 04 19 22 08 11 18 05 06 04 06 01 27 15 09 00 19 33 30 36 32 45 04 11 21 23 19 82 22 72 49 00 00 00 00 00 00
55 45 45 15 04 70 12 63 81 16 62 17 64 35 07 17 73 00 31 36 11 15 18 25 46 27 14 06 40 54 18 10 46 48 11 10 01 36 14 12 48 19 12 01 07 20 23 12 00 25 07 20 07 14 27 73 74 51 08 02 01 26 05 04 05 03 00 25 01 05 55 55 57 42 18 11 22 28 35 05 29 19 20 41 48 86 61 29 96 03 00 00 00 00 00 00
