packages/cartolidar/cartolidar-0.0a14.tar.gz/cartolidar-0.0a14/cartolidar/data/asc/PuenteDuero/348_4602_2017_cob050_200cm.asc
ncols 200 
nrows 200 
xllcenter 348005.000 
yllcenter 4600005.000 
cellsize 10.000 
nodata_value 255 
[rows 53 to 105 of 200, columns 0 to 95 of 200]
00 255 00 00 00 00 255 00 01 04 01 06 106 06 02 02 07 27 00 36 05 15 00 09 00 00 03 06 00 00 255 00 00 00 10 01 255 02 00 255 18 255 12 00 255 03 05 00 00 00 255 00 06 16 21 00 00 00 05 00 255 09 255 255 44 30 46 05 01 05 00 00 00 04 00 00 255 00 00 00 03 25 255 11 255 00 00 00 00 00 255 255 10 24 00 06
00 02 00 00 00 04 00 08 00 00 01 00 00 01 00 00 00 07 00 46 01 00 00 07 00 02 00 02 12 00 00 00 10 05 255 05 21 255 07 00 01 07 00 04 255 12 21 255 00 00 00 22 12 06 09 255 01 01 22 08 00 255 00 24 00 00 255 03 00 00 00 00 00 00 00 00 00 255 00 00 00 03 255 00 00 05 255 00 00 00 255 00 00 255 00 11
13 00 00 00 00 255 00 35 03 00 00 00 00 00 00 00 00 44 04 00 02 00 00 00 00 02 00 00 00 04 00 25 255 25 00 255 01 05 255 15 00 00 10 00 00 10 28 02 00 00 255 00 02 255 03 00 00 00 00 01 00 255 14 00 01 03 255 255 00 03 255 08 00 00 255 00 00 00 01 255 00 255 00 00 09 00 255 10 255 00 255 255 255 02 00 00
11 00 00 00 255 00 03 01 00 11 05 255 255 255 255 00 00 00 00 255 02 00 00 255 13 00 255 00 00 255 25 00 03 02 03 00 255 00 00 00 00 255 00 03 255 00 00 00 12 07 75 00 00 00 00 00 00 00 00 00 00 00 00 03 04 01 00 255 21 00 255 00 00 255 255 00 00 255 00 00 00 255 00 00 00 255 00 03 00 00 255 255 255 255 00 00
255 00 00 00 00 02 255 09 00 03 255 02 00 00 24 07 00 00 00 00 00 00 00 00 00 00 11 00 06 255 00 03 255 255 15 04 00 00 255 00 20 03 255 02 255 00 255 01 255 05 08 62 01 00 00 00 255 255 00 06 00 255 00 02 03 00 04 00 00 05 12 01 00 255 00 00 00 255 00 255 255 00 00 00 00 255 00 00 00 255 255 00 00 00 00 00
00 03 255 10 06 00 00 06 00 01 15 09 01 05 01 00 01 03 10 29 01 00 00 00 03 01 36 23 255 10 01 00 00 14 05 15 255 255 00 01 02 00 05 03 16 00 03 00 00 00 00 00 08 00 00 01 00 255 00 12 255 00 00 00 12 255 03 13 00 00 00 00 00 255 00 255 00 255 00 00 255 255 00 255 255 255 00 06 00 00 04 255 00 00 00 01
255 00 00 03 33 02 00 10 00 03 07 01 00 04 01 00 09 00 02 01 255 09 04 00 00 255 35 04 02 00 16 14 06 14 255 255 255 00 255 01 255 00 00 04 03 00 03 11 255 48 03 255 00 00 00 00 00 00 00 00 00 255 00 00 00 00 00 00 05 00 00 02 255 00 00 255 00 00 00 06 00 00 00 00 00 255 00 15 03 02 06 00 04 00 00 00
00 00 00 00 00 00 02 00 00 09 07 00 00 01 04 00 02 00 00 00 255 03 01 17 00 255 04 00 00 18 20 00 07 255 00 00 00 11 18 83 00 00 00 00 25 00 03 26 09 03 07 01 00 00 00 00 00 00 00 00 00 00 00 00 00 255 255 00 255 33 00 255 05 00 00 255 00 00 00 255 00 00 255 255 255 255 00 00 50 00 255 00 00 00 255 255
255 00 02 00 00 00 03 00 04 00 00 00 02 00 02 12 01 00 01 00 255 13 255 07 00 00 01 05 05 255 255 255 255 00 01 00 03 13 255 08 00 16 09 00 00 00 30 02 00 07 47 21 00 00 00 00 01 00 00 04 02 00 00 00 00 00 01 03 255 255 00 13 00 00 255 255 00 00 255 255 00 00 00 255 00 00 255 255 255 255 00 00 255 00 00 255
255 255 08 00 00 00 00 00 00 00 00 00 00 255 00 255 12 12 00 255 00 00 02 08 06 02 37 10 12 04 01 00 255 02 40 00 38 00 00 255 255 00 255 00 00 01 00 00 00 00 06 00 00 00 00 02 13 255 00 255 02 09 00 00 255 00 05 00 01 255 255 255 255 255 255 07 00 00 255 25 00 255 00 00 00 00 255 00 00 255 00 00 00 01 00 00
255 255 00 00 00 00 00 00 00 00 00 00 255 07 00 00 255 00 59 00 02 16 36 03 07 00 00 00 61 06 00 00 00 00 06 00 00 01 00 00 00 00 00 00 00 07 00 00 255 255 00 255 00 00 00 00 00 00 07 03 06 00 00 00 02 00 00 255 02 00 255 00 00 00 00 00 255 00 255 255 00 00 00 00 00 00 255 00 00 255 255 255 06 01 01 00
00 255 00 00 00 00 00 00 00 255 00 00 00 00 00 00 00 00 255 15 02 255 06 01 15 00 00 02 12 25 255 27 31 01 255 00 255 00 14 05 00 00 00 00 255 00 00 00 00 00 00 00 00 00 00 04 19 04 00 00 255 00 00 02 00 00 14 00 00 00 00 00 00 02 22 255 05 10 00 255 255 00 00 255 00 255 255 00 00 255 255 255 255 00 00 255
00 255 00 00 02 00 255 00 02 00 00 00 00 00 00 00 01 01 255 00 00 11 01 00 10 07 12 16 09 00 20 39 26 01 13 17 04 00 15 65 06 00 00 255 00 00 255 00 00 00 00 00 00 00 08 00 00 255 02 255 255 255 00 00 00 00 00 01 00 00 00 00 00 00 85 255 00 03 00 255 255 16 00 255 02 00 03 01 00 255 255 255 37 10 255 255
00 255 35 16 00 00 00 00 00 01 01 63 01 03 00 00 00 10 10 18 00 03 14 00 00 27 00 00 46 47 15 11 08 02 00 00 00 05 00 00 00 00 00 00 00 255 13 00 00 255 00 10 13 00 255 00 00 255 255 00 00 255 00 00 00 00 01 01 00 03 255 255 255 255 255 13 00 255 255 255 255 255 00 00 00 255 255 00 255 255 255 255 255 255 255 255
00 00 255 02 02 00 00 00 01 00 05 00 00 00 255 05 05 00 00 10 08 01 02 00 255 02 26 00 06 00 00 02 00 00 00 00 00 00 00 00 00 00 00 00 00 00 00 02 00 00 00 12 255 255 00 00 255 00 00 00 00 00 00 00 00 00 14 00 00 255 255 255 00 03 01 00 00 255 255 255 00 255 02 00 00 00 255 00 00 00 05 255 255 255 255 255
11 255 255 00 09 08 00 00 03 00 00 00 00 15 00 00 00 25 12 18 22 32 00 00 00 00 03 255 255 255 36 08 01 00 04 255 00 00 00 00 02 255 255 255 00 06 00 00 38 255 255 255 255 255 00 00 00 00 00 00 00 00 00 00 00 00 00 00 255 255 255 00 05 255 03 03 00 255 255 255 00 00 04 255 00 00 09 255 255 00 00 255 255 255 30 255
00 00 255 25 00 02 03 00 00 255 01 06 01 08 00 00 00 16 00 04 18 00 21 03 02 07 13 38 00 20 00 04 00 00 255 12 255 00 09 24 01 00 255 255 255 11 255 255 00 00 00 00 00 00 255 00 255 255 00 255 00 00 00 00 255 01 01 00 00 00 05 01 01 00 255 00 12 255 255 00 255 00 00 00 00 00 00 255 00 07 03 255 255 255 255 21
255 255 255 255 06 03 00 06 07 00 02 255 00 04 00 00 05 00 00 00 00 00 255 00 00 00 00 255 00 00 01 04 00 00 02 00 255 17 08 255 255 255 255 00 00 00 00 255 00 00 00 00 00 255 00 00 00 00 00 00 00 255 00 00 00 00 00 00 01 00 255 255 255 00 255 255 00 255 00 00 255 00 10 00 00 00 00 00 00 00 00 04 255 255 255 14
11 02 00 00 00 01 00 00 255 02 255 01 00 13 00 00 00 00 00 00 04 00 255 255 00 00 00 255 00 255 00 255 00 00 00 255 255 255 255 06 00 00 00 00 00 00 00 00 255 00 00 00 00 00 00 00 00 00 00 00 00 255 00 30 00 255 00 00 01 00 01 255 255 255 255 255 00 00 00 00 255 255 00 255 00 00 00 00 00 00 255 00 26 255 255 00
00 21 255 255 00 255 00 255 00 00 00 00 00 00 00 00 00 255 00 00 00 29 255 255 05 255 00 00 00 255 50 255 255 00 00 00 04 13 10 00 00 00 00 00 00 00 00 255 00 04 00 00 00 00 00 00 255 03 00 01 255 00 00 02 03 00 00 255 255 00 00 00 00 255 00 255 255 255 255 255 255 16 00 22 11 255 00 18 00 01 255 00 03 26 255 04
00 03 00 255 00 05 00 04 00 01 00 00 01 00 00 00 00 00 00 00 00 00 14 255 03 255 46 255 255 21 06 03 00 00 00 26 00 00 00 00 00 255 28 255 00 255 00 00 00 00 00 255 00 00 00 00 255 00 255 255 255 255 00 255 255 255 255 255 09 255 28 01 00 255 00 01 00 255 00 05 255 255 00 00 00 255 00 00 255 00 255 255 00 12 96 255
00 00 00 255 00 00 255 00 00 00 00 00 08 255 00 00 00 00 05 255 00 16 06 255 04 00 00 02 32 00 00 20 00 25 03 00 00 00 00 00 03 255 00 00 00 00 00 00 00 00 00 20 00 255 05 255 00 255 00 00 01 255 255 255 255 00 00 00 255 255 03 24 255 17 00 00 00 255 00 00 00 00 00 255 255 255 255 255 255 255 255 255 255 54 77 255
00 00 00 255 00 02 00 02 00 00 00 00 00 00 00 255 00 00 255 255 00 255 255 36 03 00 01 00 13 00 01 08 01 20 00 00 01 00 00 00 00 00 00 255 00 00 00 00 00 00 00 255 00 00 00 08 00 00 255 255 255 255 255 255 255 35 00 09 255 00 14 30 255 00 255 255 255 255 26 00 00 00 00 00 255 255 00 255 17 16 01 255 24 08 70 38
00 00 00 255 00 02 100 00 00 00 00 00 255 255 255 255 00 00 255 00 00 01 37 40 255 03 00 00 00 00 05 07 01 07 13 00 00 00 00 00 00 00 00 255 00 00 00 00 00 00 00 255 00 00 00 00 02 00 255 06 84 28 51 07 24 00 00 01 00 00 00 255 255 255 255 00 02 00 06 96 05 00 00 00 15 78 02 75 93 255 04 255 08 255 00 09
00 00 00 255 00 00 07 00 02 00 00 00 00 17 255 00 00 255 00 00 00 00 00 00 22 02 00 00 00 12 02 01 14 18 03 00 00 00 00 00 00 255 00 00 00 00 00 00 05 00 00 255 255 255 00 00 40 00 255 00 07 00 11 00 00 255 00 00 00 00 03 00 06 00 255 00 02 255 75 15 04 12 00 100 00 22 04 42 255 255 06 02 08 255 01 07
00 00 255 00 00 00 00 00 00 00 00 00 00 255 01 00 00 255 00 00 00 00 00 00 00 01 01 21 00 61 00 00 00 00 02 00 255 00 00 255 00 03 00 00 00 00 00 255 255 00 30 255 00 06 04 00 02 00 04 00 01 00 00 00 00 00 255 05 00 00 00 00 00 00 255 255 255 255 31 06 07 16 12 00 00 31 10 09 00 14 03 255 255 00 01 255
00 00 00 00 255 255 00 00 255 255 255 255 255 255 59 00 255 255 00 00 00 00 00 00 00 00 00 255 255 04 00 04 00 00 00 00 00 00 00 00 00 00 00 255 00 00 00 00 255 00 00 00 00 51 00 00 00 00 04 00 00 255 255 00 00 255 255 06 02 01 02 00 02 02 02 10 08 00 09 03 01 11 12 19 09 06 02 00 00 00 11 00 255 02 52 255
10 00 00 02 255 255 255 255 255 00 00 255 255 255 255 255 255 255 05 255 01 00 00 00 03 00 00 00 00 00 255 00 01 00 00 00 00 00 00 05 00 255 00 00 00 255 00 00 00 00 00 00 00 02 01 00 00 00 00 255 255 255 255 11 00 255 06 10 50 00 255 00 13 39 02 00 00 00 00 00 00 00 42 255 255 83 00 63 00 00 255 00 00 255 255 255
14 02 00 28 255 255 255 255 50 08 00 00 00 255 255 255 255 00 00 00 00 00 00 00 255 00 00 04 00 00 00 00 00 00 00 00 00 00 255 00 00 255 00 255 00 00 00 05 05 00 01 255 00 11 14 06 00 00 04 15 24 255 255 00 255 255 00 04 05 00 255 00 255 00 13 08 02 00 00 01 00 04 00 17 13 11 255 00 255 00 255 02 255 255 09 00
00 00 00 53 255 255 17 255 12 00 00 02 00 255 255 255 06 01 255 26 00 255 06 00 255 00 00 255 255 00 00 03 00 00 00 00 00 00 05 255 00 00 00 255 00 00 00 01 01 02 14 255 00 01 00 00 02 00 09 255 00 00 00 00 00 00 255 00 00 00 04 00 00 00 00 00 00 00 00 25 255 02 00 27 00 00 255 13 255 255 09 02 08 17 00 00
02 27 17 02 10 255 62 06 02 00 00 00 00 00 00 255 19 00 00 255 02 02 00 01 00 01 00 02 04 05 04 00 00 00 00 00 00 00 01 00 00 02 255 00 255 01 01 00 00 255 05 00 02 02 02 255 04 12 03 08 03 01 00 255 00 09 11 255 255 05 255 00 02 04 255 255 255 20 00 255 255 00 255 00 255 255 255 255 255 19 34 61 65 00 11 255
00 00 01 00 02 255 00 02 03 04 06 255 00 01 00 255 13 00 255 255 00 255 255 00 01 01 00 00 00 00 00 00 00 00 00 255 00 00 00 00 00 00 06 00 00 00 01 00 255 255 00 01 255 05 02 255 255 04 00 01 10 09 255 255 255 40 43 255 05 00 00 00 00 16 255 255 00 255 00 255 62 85 255 255 255 255 11 255 42 92 41 17 05 00 01 57
29 03 13 00 00 255 00 01 01 05 71 11 00 05 255 08 00 00 255 255 255 255 04 00 00 00 00 00 00 00 00 00 02 00 00 00 00 00 255 255 255 06 02 00 00 00 00 02 255 255 00 00 02 08 03 03 00 00 03 00 01 03 00 00 255 255 255 00 08 02 20 00 00 255 00 02 255 255 00 255 38 42 44 255 255 00 00 00 06 60 03 03 51 00 04 12
00 03 02 00 00 00 255 05 255 00 00 01 00 00 00 00 00 00 255 255 255 255 255 00 00 00 00 00 02 07 00 00 00 00 00 00 00 00 255 255 255 00 00 00 01 00 255 255 255 255 00 05 05 13 05 12 255 00 02 00 00 00 00 00 03 255 255 00 255 255 00 255 02 09 255 04 06 30 00 00 00 255 18 255 00 00 255 26 10 00 01 53 255 01 05 10
00 00 255 00 00 00 255 05 00 00 00 00 00 00 00 00 255 255 255 255 255 255 255 00 00 00 00 00 01 03 00 00 00 00 05 00 00 00 00 00 00 00 00 00 00 00 00 02 00 255 00 06 08 08 00 00 00 03 01 255 00 00 00 24 09 255 255 00 255 00 01 00 00 00 05 06 75 21 06 255 255 255 00 255 00 15 33 06 17 08 04 00 00 15 07 46
255 00 00 00 06 00 00 01 01 03 00 00 04 03 00 00 00 00 23 255 255 255 255 00 02 50 00 255 255 03 00 00 00 00 255 00 01 00 255 00 00 01 03 00 04 00 00 00 00 01 02 25 01 00 10 10 00 00 00 255 00 00 00 00 00 255 00 00 255 255 08 05 02 04 06 00 08 00 04 255 08 21 16 14 23 12 12 02 00 00 00 255 00 00 00 255
33 00 00 00 00 00 255 00 00 06 00 00 00 06 00 00 00 04 11 00 02 00 255 00 00 00 00 255 00 00 00 15 00 01 255 01 00 00 00 00 02 255 02 00 00 03 00 00 03 10 02 03 25 255 255 00 255 59 00 05 00 02 00 06 08 255 255 21 02 09 03 10 16 00 05 00 00 14 07 21 02 10 21 12 52 01 58 17 00 00 00 00 00 00 00 09
00 00 00 00 00 00 255 00 00 02 00 00 06 01 00 00 00 01 00 03 08 00 255 00 00 06 04 03 00 255 255 255 00 00 00 00 00 00 00 00 00 255 00 00 255 00 01 02 09 00 00 01 08 00 00 00 09 14 06 255 07 02 02 00 00 00 255 100 12 06 07 14 16 00 07 08 00 13 05 00 03 17 09 09 14 02 00 00 01 00 255 00 120 255 07 255
00 00 00 00 00 00 255 00 00 04 00 17 06 03 01 01 00 06 04 03 01 00 00 00 00 00 06 255 00 00 00 00 00 00 00 00 00 00 255 255 00 255 00 00 00 00 00 00 01 13 10 00 00 05 00 00 04 05 16 32 03 04 00 255 00 00 06 06 13 13 11 01 01 00 02 00 11 05 10 06 05 22 00 00 03 00 00 255 255 255 00 255 34 07 03 20
00 03 00 01 00 01 00 01 03 00 00 00 05 00 02 05 00 04 00 02 00 07 00 00 00 00 00 00 00 00 00 00 00 00 00 01 00 00 255 00 00 00 00 00 00 28 00 00 01 10 00 01 00 00 01 01 02 01 06 07 06 24 13 255 06 255 10 37 255 03 11 08 22 05 255 00 08 00 00 22 14 00 255 00 00 00 255 03 05 255 255 255 21 08 10 00
00 00 00 00 00 00 255 03 00 01 00 00 01 00 00 03 00 06 01 00 00 00 02 53 00 00 00 00 00 00 00 00 00 00 255 00 00 255 00 10 01 00 01 00 01 15 14 00 00 00 00 255 02 00 02 06 04 02 01 01 01 18 13 03 05 05 16 04 100 06 13 23 255 04 06 00 13 255 19 81 12 05 255 00 255 255 00 00 00 04 255 06 00 07 16 03
00 00 00 00 00 00 00 255 00 00 04 01 00 00 00 00 00 00 00 02 05 00 12 03 00 00 255 00 00 00 00 00 00 00 01 02 00 00 00 00 08 01 00 07 00 00 05 00 255 00 00 00 00 01 05 09 04 04 00 00 01 01 00 01 01 01 13 08 09 26 09 32 36 00 28 255 00 00 07 47 12 14 255 255 00 255 03 18 10 63 20 04 10 00 255 16
00 255 255 00 00 00 00 255 00 00 05 02 10 255 09 00 01 00 00 00 02 00 08 01 00 00 00 00 00 00 00 255 01 255 255 255 00 00 255 00 00 00 00 00 03 00 01 02 01 00 00 06 15 05 14 02 04 06 00 06 06 00 01 255 25 20 07 21 13 03 11 17 00 00 00 00 255 00 255 22 255 00 00 06 00 00 06 255 24 45 255 123 16 10 255 07
00 00 00 00 00 00 00 00 255 00 00 00 00 00 00 00 02 00 05 00 02 00 00 00 00 00 00 00 00 00 255 255 255 255 00 00 00 00 00 00 00 00 00 96 255 02 00 00 02 00 00 00 02 04 02 02 00 02 00 00 255 27 00 00 03 255 36 05 14 00 255 05 255 255 255 00 24 00 00 255 06 00 03 00 255 00 126 95 96 255 105 06 11 01 11 31
00 00 00 255 05 255 00 255 255 00 00 00 00 00 00 00 01 00 02 10 04 04 00 00 00 00 00 00 01 00 00 05 255 00 00 00 00 01 00 255 255 255 00 00 02 00 00 00 08 06 07 04 01 00 02 255 00 00 00 00 00 02 03 01 00 00 20 12 06 00 66 00 00 00 00 00 00 00 00 00 05 02 00 00 00 05 25 00 06 255 255 02 00 03 00 255
00 00 00 05 18 255 00 255 255 01 00 255 00 01 00 00 01 00 00 00 01 00 02 12 00 00 255 255 255 00 00 255 00 00 02 00 00 00 255 255 255 00 02 11 00 00 42 02 00 255 14 00 01 02 06 11 01 00 00 00 00 00 255 01 00 00 06 255 255 00 255 255 255 00 255 00 00 00 00 06 00 255 23 255 10 18 14 00 00 255 00 05 62 10 255 00
00 255 00 23 02 00 00 255 255 00 00 02 04 00 255 03 03 00 02 04 00 255 00 00 00 00 255 00 00 00 00 00 00 00 00 00 01 00 00 00 00 00 01 00 02 02 11 00 255 00 33 04 16 02 06 01 00 20 00 00 00 00 04 02 255 06 04 255 255 255 255 00 00 00 00 00 00 00 255 05 04 00 09 255 18 07 03 21 04 00 05 00 20 02 00 00
00 255 00 255 00 06 03 00 255 255 00 00 00 00 00 00 01 03 02 00 00 00 255 00 00 00 00 00 00 255 00 00 00 00 00 00 01 255 03 25 00 05 255 00 01 00 00 03 08 00 02 09 03 01 00 11 03 05 255 01 05 255 00 00 07 255 01 00 00 12 00 00 00 18 00 00 02 04 00 03 35 00 00 34 27 05 57 22 10 07 01 255 04 00 02 00
00 00 00 00 03 00 00 20 255 255 01 00 01 00 00 00 01 00 01 00 00 02 00 66 00 00 00 00 00 00 00 00 255 00 01 00 00 255 07 255 09 06 00 255 07 01 46 00 255 18 255 00 04 05 00 01 15 00 00 02 00 255 00 255 83 255 10 07 00 17 00 00 12 01 00 04 00 02 02 00 13 11 00 05 255 255 255 07 01 06 01 255 00 00 02 00
00 00 255 00 00 00 00 13 255 255 20 15 01 255 00 02 01 01 00 00 00 00 05 11 03 04 00 00 00 00 00 255 08 00 00 00 00 00 02 00 00 00 00 28 255 10 02 00 00 00 00 18 03 00 00 11 03 18 01 05 00 00 00 00 255 00 07 07 00 03 00 00 05 01 01 09 04 01 02 00 10 12 00 07 34 00 01 00 06 00 02 04 00 00 00 04
00 00 00 00 255 01 10 00 255 255 05 03 00 00 01 08 01 10 01 00 01 00 07 01 00 09 10 00 00 00 00 00 00 01 01 00 00 14 07 00 01 06 12 255 00 01 18 07 04 14 00 00 05 13 03 01 01 00 00 04 06 00 02 00 255 00 00 37 03 14 03 09 02 00 04 00 02 00 00 04 05 255 04 04 27 00 00 01 00 00 00 00 00 00 00 00
00 00 255 00 00 00 06 02 00 255 00 01 01 04 05 00 05 00 04 00 50 00 00 00 00 00 00 00 00 02 00 00 00 00 255 00 00 255 00 00 00 02 00 00 00 03 34 20 09 00 02 02 00 255 00 08 01 02 00 01 00 00 00 01 00 00 07 255 255 03 255 24 03 05 00 10 01 00 00 255 06 00 20 30 255 03 00 00 00 00 01 00 00 00 09 11
00 00 00 00 00 00 255 255 02 255 01 00 00 02 02 03 00 00 00 00 00 00 00 00 00 00 00 00 00 00 00 00 01 00 00 00 255 00 03 00 05 00 00 00 00 00 04 12 02 00 00 00 00 01 04 01 05 01 00 01 08 02 95 255 255 00 00 00 00 00 00 00 00 01 01 01 05 03 00 13 03 00 255 27 04 00 06 00 255 00 00 00 01 03 20 00
