packages/cartolidar/cartolidar-0.0a14.tar.gz/cartolidar-0.0a14/cartolidar/data/asc/PuenteDuero/348_4602_2017_cob050_200cm.asc
ncols 200 
nrows 200 
xllcenter 348005.000 
yllcenter 4600005.000 
cellsize 10.000 
nodata_value 255 
[rows 106 to 158 of 200, columns 96 to 191 of 200]
00 00 00 03 34 06 00 255 05 66 41 00 00 01 03 04 00 00 00 00 00 00 255 01 01 00 03 06 255 40 00 07 00 26 00 01 00 00 03 00 00 00 00 00 00 04 00 00 255 10 77 14 03 06 34 23 02 00 03 00 00 00 12 00 00 255 255 05 00 09 28 29 00 00 255 00 19 00 11 00 08 08 04 255 94 20 17 32 20 30 00 07 255 255 255 255
00 00 02 00 28 255 01 255 00 255 00 00 00 03 00 00 00 00 00 00 00 00 00 00 00 00 02 00 00 00 00 00 00 07 00 13 00 00 00 00 255 00 00 00 00 00 01 00 00 25 27 17 07 15 04 26 03 28 00 00 24 26 00 00 00 13 00 00 00 03 00 00 00 255 255 07 13 06 15 10 01 11 108 54 105 14 10 06 255 23 255 255 25 09 255 255
00 255 05 00 02 00 00 00 00 00 00 00 00 00 00 00 00 00 00 00 00 00 00 00 00 00 00 02 255 00 01 00 25 04 00 14 00 00 00 255 00 02 00 00 01 11 00 00 19 01 11 13 17 255 17 12 00 00 15 00 00 04 02 00 00 25 00 255 00 255 00 255 00 255 05 00 00 00 78 11 11 06 13 58 12 25 09 08 09 255 07 255 255 255 255 255
00 00 00 00 00 00 00 00 00 255 00 00 01 00 00 00 05 00 00 00 00 00 00 00 255 255 00 00 00 00 00 00 13 00 04 14 00 06 00 01 00 00 00 255 255 04 255 00 255 18 02 02 05 19 00 13 00 00 00 22 00 16 11 06 14 00 00 00 00 255 255 255 13 00 00 00 00 00 03 114 05 01 01 26 44 24 06 255 255 255 255 50 255 255 16 255
00 03 00 03 255 00 00 00 00 00 00 00 00 01 00 00 00 00 06 00 00 255 00 01 00 00 255 00 00 00 00 00 00 03 00 00 00 00 00 00 00 00 00 04 255 00 255 255 23 39 03 100 46 81 06 25 255 00 09 06 11 17 05 100 00 00 01 06 01 255 00 00 16 01 00 04 00 28 03 125 04 53 33 10 72 06 31 29 07 51 255 255 02 03 255 255
00 00 255 00 00 00 00 255 00 00 07 00 00 00 00 01 05 00 00 10 02 00 00 00 00 00 13 00 00 00 04 03 02 00 02 02 00 00 00 00 00 00 255 00 255 30 06 12 03 00 00 16 08 05 03 00 255 00 19 18 17 01 11 12 08 00 00 00 00 00 00 00 00 00 00 01 00 25 08 64 255 49 17 13 12 18 41 255 36 255 70 00 255 255 04 255
02 06 07 00 00 00 01 00 02 00 01 00 01 00 00 00 00 00 06 00 00 00 00 00 00 255 255 18 01 00 06 00 02 30 255 00 00 00 255 255 00 00 255 44 00 07 36 12 01 08 07 23 68 06 02 00 00 01 255 01 00 00 25 42 04 01 01 255 03 00 00 01 00 00 00 255 00 02 01 16 17 00 22 23 38 27 26 15 22 32 48 40 255 255 255 65
00 00 255 00 00 00 00 00 00 02 00 00 00 31 07 255 01 00 00 00 255 00 00 00 00 00 03 06 04 03 62 00 00 00 09 00 00 00 00 00 00 00 00 24 20 110 255 02 02 04 00 28 03 00 255 00 00 25 07 11 00 41 40 00 00 00 255 255 00 05 00 00 03 01 00 03 255 00 55 05 19 23 80 37 24 22 14 02 255 44 30 68 255 255 05 255
00 00 255 00 01 00 00 00 00 00 00 00 00 06 00 00 00 16 00 00 00 00 00 00 00 255 00 00 07 18 00 255 00 00 255 00 00 00 01 00 00 08 16 10 255 33 05 07 11 11 39 14 00 21 04 71 02 00 06 00 04 04 00 10 00 255 02 07 00 00 00 00 13 09 14 81 00 00 03 03 21 16 31 37 32 05 48 16 02 255 255 42 255 255 255 255
00 00 02 00 00 00 00 00 00 00 00 00 00 04 00 00 00 00 07 00 00 00 00 00 00 00 22 00 00 00 00 00 00 02 00 00 00 00 00 13 255 57 12 26 02 08 66 01 43 01 07 00 40 37 00 07 05 55 00 02 00 00 07 255 255 00 00 00 02 255 00 01 36 26 255 19 00 255 80 31 95 29 09 00 09 09 08 08 37 50 255 255 30 255 255 255
00 02 00 00 00 00 00 00 00 255 255 00 00 01 00 00 00 255 255 00 00 00 00 00 00 00 01 00 00 00 00 00 255 00 02 06 00 08 33 10 00 100 08 12 36 255 03 00 27 02 04 05 60 02 02 02 23 07 00 00 02 00 255 00 00 00 01 00 00 00 00 01 87 00 11 12 17 255 255 16 13 32 02 30 65 26 11 255 255 72 255 08 255 120 50 52
00 00 00 00 00 04 00 00 00 00 255 00 00 04 255 00 00 00 01 18 00 00 04 255 255 255 00 00 00 00 00 255 255 18 00 255 02 06 45 00 08 42 75 32 00 10 00 00 04 77 33 00 111 08 255 08 02 08 00 10 255 255 23 05 00 00 00 00 00 00 03 05 04 08 255 37 33 12 00 46 13 20 31 50 28 36 07 12 03 45 09 08 255 255 00 81
00 00 00 00 00 00 255 00 255 02 00 00 03 06 12 00 00 00 00 255 255 00 11 60 00 00 255 255 20 00 11 00 15 00 00 33 12 00 255 03 20 44 00 02 00 01 02 08 10 25 00 19 02 62 255 25 26 03 00 255 255 00 03 00 00 00 00 01 00 09 18 17 02 00 255 00 11 255 255 23 255 47 08 04 53 88 37 12 255 53 00 85 18 28 255 255
00 00 00 00 00 00 00 00 00 00 00 15 17 00 255 00 27 10 255 255 255 255 00 00 255 00 00 255 10 91 00 00 36 20 00 02 25 25 255 22 23 66 10 255 00 00 00 00 00 00 00 14 06 255 08 40 100 08 255 255 00 00 05 12 00 01 17 00 01 68 07 16 15 13 19 25 00 11 255 00 11 105 08 13 255 255 255 255 07 04 33 255 55 75 21 75
00 00 00 00 00 00 00 00 00 00 04 19 55 00 00 00 00 00 255 20 255 255 00 00 00 255 00 01 03 00 69 15 255 00 00 00 02 47 255 09 00 106 56 05 00 00 02 00 00 04 19 41 00 01 21 255 255 255 00 00 31 01 00 00 05 42 24 00 07 00 03 08 18 34 36 06 36 255 255 00 10 23 255 14 24 255 255 255 06 38 255 255 255 255 255 255
00 00 02 00 00 00 02 00 00 21 23 00 00 11 00 00 255 255 255 04 46 04 01 20 00 00 00 00 255 60 255 01 00 00 00 04 10 03 12 07 04 04 02 01 00 36 255 72 00 04 117 05 00 10 00 255 255 00 00 01 00 00 00 02 69 05 03 255 00 00 255 22 255 21 62 02 255 255 255 255 30 50 12 05 06 17 255 255 23 96 255 255 255 255 255 255
00 00 00 00 15 00 00 00 00 42 00 00 00 00 255 255 255 255 255 01 00 02 42 255 00 00 00 66 71 255 255 00 00 00 00 255 255 22 00 00 00 00 00 00 00 00 20 00 00 00 02 00 07 20 255 255 00 00 00 00 00 00 01 10 00 00 06 10 04 20 00 33 10 04 255 02 255 255 255 255 255 08 10 05 89 255 05 100 255 81 255 255 255 80 255 255
00 00 00 00 00 00 00 00 00 00 00 00 255 255 00 255 255 255 00 06 05 26 00 255 00 00 25 06 08 00 00 00 255 00 00 75 00 09 02 02 16 15 01 25 16 02 40 70 64 09 13 30 06 00 255 31 00 00 00 00 02 00 00 20 20 10 00 00 05 40 255 255 26 00 00 255 255 255 255 255 255 15 255 255 255 08 255 52 38 255 255 17 255 255 255 255
00 00 00 04 00 00 03 01 00 00 00 35 00 00 00 255 255 255 03 255 03 00 00 00 00 00 00 00 00 00 06 02 00 07 02 05 06 13 18 24 255 15 17 08 11 00 00 52 03 12 01 25 255 00 00 00 00 00 00 00 00 00 255 255 00 00 17 00 08 00 255 255 255 255 255 30 255 255 60 255 255 00 255 08 00 13 255 255 255 03 255 76 255 255 255 255
00 00 00 00 00 00 76 68 00 00 255 19 255 255 255 255 10 255 00 00 00 00 06 00 00 00 06 00 00 22 00 14 00 22 02 17 19 12 22 09 01 02 37 00 01 00 00 20 00 31 255 255 255 01 00 00 00 04 01 00 27 72 04 11 00 12 22 00 00 255 00 07 255 88 255 255 255 18 18 00 05 01 255 09 15 255 255 255 03 36 255 06 255 255 255 255
00 00 00 00 00 00 00 255 00 00 255 00 04 255 255 255 255 255 00 00 00 06 255 255 00 00 00 06 19 00 04 25 02 18 18 21 27 37 255 05 07 255 04 04 00 00 01 255 255 255 255 40 02 57 04 00 01 00 00 40 03 255 11 00 06 02 02 03 02 255 00 255 255 255 255 255 255 19 11 255 17 00 255 41 06 255 18 255 255 56 255 00 09 255 255 255
00 00 00 00 00 255 255 255 03 25 255 25 255 255 255 00 00 00 12 255 00 00 01 00 06 11 10 00 02 11 05 00 33 00 00 08 17 37 52 116 01 01 06 08 01 00 00 255 255 255 26 01 09 255 23 100 09 33 00 00 32 75 00 00 01 05 04 00 00 03 00 255 03 00 00 255 255 255 255 10 18 03 255 255 255 255 255 29 255 60 255 26 255 255 29 255
00 255 00 00 00 00 255 00 03 50 00 255 255 255 08 00 00 04 00 00 255 00 00 00 36 31 31 11 02 00 255 06 00 03 00 00 09 04 05 255 75 03 01 01 04 01 255 255 255 255 01 07 255 00 14 105 00 00 10 13 255 00 07 00 05 12 69 90 255 00 255 01 255 10 16 255 04 255 255 255 255 255 255 255 255 255 07 255 255 07 255 255 255 255 26 45
00 00 00 00 00 00 00 00 00 00 00 10 255 255 255 04 00 00 00 02 255 00 22 01 04 19 12 37 255 23 255 00 00 00 03 25 06 00 01 08 00 00 03 01 45 255 255 92 08 11 03 33 03 08 03 35 00 00 40 80 00 02 15 15 255 09 255 53 255 255 37 255 255 255 22 04 02 255 255 21 06 08 255 255 00 255 255 255 255 255 255 255 255 255 255 255
11 08 10 00 00 00 00 255 75 255 44 01 00 00 00 00 00 00 00 255 00 01 01 36 10 17 25 87 00 09 08 00 03 00 05 02 255 10 04 01 00 00 27 36 255 255 00 02 255 255 00 00 00 00 60 01 44 255 00 255 255 04 60 76 06 255 06 19 255 255 02 255 255 255 04 08 00 00 00 44 02 255 255 255 255 255 13 255 255 255 17 255 255 26 255 255
00 00 00 00 00 00 00 00 00 00 00 00 00 00 00 100 00 00 255 255 00 00 01 16 35 01 15 00 00 00 00 02 00 00 12 42 41 55 31 00 05 00 06 255 255 00 04 02 255 64 00 10 03 00 57 22 255 10 00 00 04 23 12 16 66 100 33 255 21 255 75 00 127 00 02 255 00 01 02 255 30 04 00 255 255 255 06 255 255 255 37 255 255 255 255 02
00 00 00 00 00 00 09 05 00 00 08 255 00 03 15 00 03 00 00 00 00 01 30 16 03 04 02 00 20 19 23 20 20 05 00 00 00 08 02 18 116 255 255 255 00 01 12 16 29 03 00 00 00 00 05 46 00 255 00 02 03 255 57 37 00 255 255 255 255 42 255 00 255 22 255 255 14 255 28 36 00 255 00 255 02 255 77 50 22 255 255 255 255 255 255 255
00 00 00 16 10 00 00 04 00 00 05 00 255 00 20 13 00 00 00 00 05 04 02 16 12 255 25 09 06 07 34 81 17 00 13 06 75 70 15 01 255 255 255 255 03 09 255 00 36 30 13 00 02 01 48 00 00 00 00 00 00 03 06 00 255 61 63 80 116 255 255 255 255 255 255 255 00 40 05 02 255 00 255 00 255 255 255 255 255 92 16 01 04 00 255 255
00 255 02 00 00 00 00 255 00 00 255 00 00 00 255 00 00 00 00 01 41 11 66 03 00 00 255 00 08 04 05 00 11 20 00 33 24 10 112 255 255 95 00 00 00 00 00 01 08 72 07 00 00 02 03 255 20 14 00 00 00 03 03 38 05 255 12 255 50 255 255 255 16 00 00 255 00 255 255 255 75 17 13 23 10 15 255 255 255 255 255 255 255 34 255 255
00 02 02 00 07 36 255 255 07 04 00 00 00 00 255 255 00 00 01 00 255 09 116 03 255 255 255 255 255 00 00 28 13 18 00 00 14 40 255 255 31 00 00 00 00 00 00 255 00 00 00 03 29 86 07 01 255 255 16 255 80 27 255 255 50 255 255 255 04 09 255 255 255 255 00 17 05 255 15 00 27 255 255 255 255 255 03 255 255 255 255 255 34 255 255 255
255 05 00 04 01 28 04 00 11 00 00 00 02 255 02 01 00 00 00 00 255 08 255 18 00 00 02 05 36 00 05 02 28 27 02 08 11 255 255 09 00 00 00 02 10 00 00 00 00 02 07 05 06 25 255 06 04 36 08 255 255 02 00 81 06 76 21 255 04 13 36 255 09 255 44 14 255 255 00 03 00 21 12 255 255 255 255 255 255 255 255 23 08 255 255 255
00 00 00 00 01 00 00 00 255 00 00 04 00 09 00 00 06 30 255 00 255 22 44 47 09 04 22 85 00 00 00 00 00 00 05 255 255 255 255 22 00 00 00 00 00 00 00 00 00 00 14 07 19 02 00 04 00 10 00 255 255 20 00 255 40 38 55 00 255 255 255 255 03 03 41 16 255 255 255 255 255 255 35 44 255 255 36 255 255 255 255 33 13 255 255 255
00 00 00 00 00 00 00 00 00 00 00 255 00 00 00 00 10 26 33 00 03 14 255 05 15 44 56 45 00 04 00 02 16 00 255 255 255 00 05 01 00 03 00 00 00 02 255 00 00 03 20 16 00 00 00 30 40 00 17 22 55 255 255 255 255 255 255 00 08 255 13 34 11 02 00 255 255 255 255 33 255 255 255 16 255 255 255 255 90 255 100 00 255 255 255 255
00 00 00 00 00 00 00 00 00 00 05 255 00 00 00 00 00 00 00 00 12 00 00 00 00 14 00 05 00 255 02 00 00 255 255 14 00 00 00 06 00 00 00 255 00 02 02 00 00 09 23 00 01 03 11 02 255 255 255 75 125 03 255 00 12 00 255 00 04 255 255 255 255 02 255 255 12 255 255 255 34 06 255 255 255 255 255 255 255 255 33 255 255 255 255 255
255 02 00 00 00 05 00 00 00 00 00 00 00 00 00 00 00 00 01 255 00 00 00 00 00 00 18 25 18 11 09 00 00 255 00 00 00 00 00 00 00 00 00 00 00 00 10 07 00 15 00 00 00 00 00 03 255 255 255 255 255 18 17 255 255 255 15 255 255 06 255 255 35 255 255 28 08 53 255 255 255 255 09 00 255 255 255 10 25 50 31 255 255 255 255 255
07 00 00 16 10 06 255 00 00 00 00 00 00 00 00 00 00 02 255 00 00 00 00 00 00 03 42 16 00 00 00 00 00 00 02 00 00 00 00 00 00 00 15 00 00 00 13 04 00 255 03 04 05 33 255 255 07 03 00 100 255 255 255 255 255 255 255 255 255 255 255 255 255 255 46 255 66 68 255 255 255 255 255 255 255 255 255 255 08 255 255 255 255 255 255 255
255 06 00 01 05 13 00 00 00 00 00 00 00 00 01 40 255 00 255 00 00 00 00 255 00 00 20 07 00 00 255 00 00 00 21 00 255 00 00 00 00 02 03 00 255 06 10 02 05 00 06 05 04 00 255 13 00 32 114 255 34 255 255 255 255 255 255 255 255 255 255 255 255 255 18 255 255 255 255 255 255 255 255 255 255 255 255 10 255 255 255 255 255 00 00 255
00 02 00 04 05 00 00 00 255 255 00 05 00 00 00 00 26 15 255 00 00 00 00 00 00 00 00 32 255 255 09 00 00 00 02 00 00 16 00 06 01 01 00 00 50 00 00 00 255 05 00 04 75 00 255 00 21 00 00 255 255 255 255 255 33 255 19 255 25 40 255 255 255 106 30 255 255 42 15 03 255 255 255 255 255 00 255 20 255 15 255 255 255 00 00 255
00 17 02 08 09 00 00 00 00 255 00 13 01 255 01 00 08 00 00 17 10 01 00 255 01 31 255 255 255 255 01 00 00 00 00 00 00 125 00 22 08 13 00 00 01 00 01 00 255 00 00 37 88 255 00 04 00 255 07 255 18 255 255 255 20 255 255 255 255 08 00 255 255 255 255 255 255 255 255 255 00 255 255 255 255 07 255 46 05 255 27 255 255 255 255 255
35 32 03 00 01 255 03 00 00 00 255 255 255 255 00 00 00 00 00 11 02 00 03 10 04 255 255 00 00 00 00 00 00 00 00 13 03 00 00 07 05 00 00 09 00 15 03 01 00 00 255 05 85 47 05 255 20 20 255 61 255 255 255 255 255 73 255 30 122 255 13 255 255 255 00 255 255 255 255 255 255 00 06 255 07 00 255 255 14 29 255 255 255 255 255 255
09 29 04 00 03 00 255 00 00 00 00 00 04 00 16 00 10 255 255 255 00 00 00 00 00 255 00 00 00 00 01 08 00 00 00 00 00 255 00 00 00 02 00 255 255 255 255 255 01 00 18 255 40 06 00 255 255 255 255 78 255 255 255 255 255 255 69 21 38 14 255 03 255 255 255 255 255 255 255 255 255 00 255 255 255 255 255 255 255 255 255 255 255 255 255 255
04 00 00 00 255 00 00 00 00 00 00 255 00 00 05 00 41 18 08 00 00 00 21 255 00 00 00 00 00 00 00 00 00 00 00 00 00 00 13 00 00 05 08 255 07 04 255 255 00 00 255 255 00 37 255 21 00 255 11 255 31 255 255 255 31 00 255 21 255 255 00 255 255 255 255 255 255 255 255 28 255 100 35 28 255 255 255 255 255 255 255 255 255 255 255 255
00 00 00 16 00 00 00 00 00 00 00 00 00 00 00 00 13 25 00 00 05 00 255 00 02 00 00 00 00 255 00 00 00 00 02 00 00 255 00 00 00 00 255 255 255 00 00 255 28 00 255 255 58 255 255 06 13 255 255 00 255 255 255 255 255 255 255 255 13 255 255 255 255 255 255 72 255 50 00 255 255 255 255 255 255 255 255 255 255 255 255 255 255 255 255 255
05 00 02 06 00 00 00 00 255 75 255 00 00 00 00 32 255 00 37 255 05 255 255 00 00 00 00 00 00 00 00 00 00 00 00 00 00 00 00 00 255 255 255 255 255 255 00 00 07 07 100 255 46 14 255 08 76 255 255 00 255 255 06 00 255 03 255 15 255 255 255 255 255 255 255 255 255 15 00 255 255 255 255 255 14 255 255 255 255 255 255 255 255 255 255 255
00 06 255 00 00 00 00 00 11 255 00 00 00 00 00 07 08 07 255 255 255 255 00 07 00 00 00 00 00 00 00 00 00 00 00 00 255 00 255 255 255 255 255 255 255 255 00 00 255 26 255 00 00 10 02 41 79 255 255 255 00 50 255 00 255 255 37 51 33 24 255 20 255 255 00 255 255 255 04 85 255 255 255 255 07 11 255 255 255 255 255 255 255 255 255 255
20 255 255 18 00 00 00 00 00 00 00 00 00 00 00 02 00 255 255 255 255 00 00 00 00 00 00 00 00 00 00 00 00 00 00 255 00 255 00 255 255 255 255 255 255 255 255 255 255 255 255 00 255 20 03 33 10 27 01 255 00 04 255 125 255 255 00 00 255 255 255 255 255 255 05 255 26 255 00 255 255 255 08 255 255 255 255 255 255 255 255 255 255 255 255 255
255 255 255 255 00 00 00 00 00 00 01 00 00 00 00 00 00 255 255 00 04 00 00 03 00 00 00 00 00 00 00 00 00 255 255 00 255 03 02 05 255 255 255 255 08 00 00 255 255 255 255 255 00 00 24 10 13 00 00 02 00 01 04 07 255 255 00 00 00 11 26 255 255 21 255 255 17 255 00 35 255 255 255 255 255 255 255 255 100 255 255 255 255 255 255 255
00 255 00 01 00 00 255 00 00 20 16 255 00 00 01 00 255 255 255 00 00 00 00 34 00 00 00 00 00 00 00 08 00 44 255 00 255 00 255 20 02 00 10 02 00 00 00 255 255 255 255 255 00 00 255 255 00 00 255 11 255 22 100 43 35 255 27 08 09 16 255 28 36 255 255 86 19 18 255 255 255 255 255 57 255 255 255 255 255 255 255 255 255 255 255 255
00 00 00 00 00 03 00 00 00 17 00 00 00 00 255 255 00 255 00 00 10 00 00 02 00 00 00 00 255 00 01 04 08 255 17 100 255 255 82 255 255 100 255 255 00 255 255 255 255 255 255 255 255 255 255 255 255 255 255 255 255 255 255 255 255 255 255 255 255 255 255 255 255 255 255 255 255 255 255 255 255 255 255 255 255 255 255 255 255 255 255 255 255 255 255 255
00 00 00 00 08 00 00 00 00 00 01 15 255 255 255 14 03 00 00 00 00 00 00 00 00 00 00 00 00 00 100 255 43 255 84 255 255 255 03 255 255 255 255 255 255 255 255 255 255 255 255 255 255 255 255 255 255 255 255 255 255 255 255 255 255 255 255 255 255 255 255 255 255 255 255 255 255 255 255 255 255 255 255 255 255 255 255 255 255 255 255 255 255 125 255 255
00 255 00 00 00 255 00 31 02 01 00 00 255 255 00 00 00 00 00 00 07 09 11 21 00 255 00 00 00 03 255 255 00 255 255 255 255 255 255 255 255 255 255 255 255 255 255 255 255 255 255 255 255 255 255 255 255 255 255 255 255 255 255 255 255 255 255 255 255 255 255 255 255 255 255 255 255 255 255 255 255 255 255 255 255 255 255 255 255 255 255 255 255 255 255 255
00 00 00 00 255 05 00 00 06 00 00 255 255 12 00 00 18 00 55 00 05 255 255 255 255 255 255 255 255 255 255 255 255 255 255 255 255 255 255 255 255 255 255 255 255 255 255 255 255 255 255 255 255 255 255 255 255 255 255 255 255 255 255 255 255 255 255 255 255 255 255 255 255 255 255 255 255 255 255 255 255 255 255 255 255 255 255 255 255 255 255 255 255 255 255 255
00 00 09 11 00 00 00 06 255 255 255 00 00 27 27 255 255 255 255 22 255 255 255 255 255 255 255 255 255 255 255 255 255 255 255 255 255 255 255 255 255 255 255 255 255 255 255 255 255 255 255 255 255 255 255 255 255 255 255 255 255 255 255 255 255 255 255 255 255 255 255 255 88 255 255 255 255 255 255 255 255 255 255 255 255 00 255 255 255 255 255 255 255 32 41 255
