"{""angunBase"": ""//likms.assembly.go.kr/bill/billDetail.do?billId="", ""sami"": ""1"", ""minutes"": ""//likms.assembly.go.kr/record/mhs-10-050.do?conferNum=050831&pdfFileId=0000097794"", ""ct1"": ""21"", ""ct2"": ""384"", ""ct3"": ""07"", ""menu"": """", ""type"": """", ""movieList"": [{""realTime"": ""14:04:00"", ""playTime"": ""03:40:46"", ""speakType"": ""\uc804\uccb4\ubcf4\uae30"", ""no"": 515701, ""subList"": [{""realTime"": ""14:04:02"", ""playTime"": ""00:00:46"", ""speakType"": ""\uac1c\uc758"", ""no"": 515756, ""movieTitle"": ""\ubc15\ubcd1\uc11d \uad6d\ud68c\uc758\uc7a5  \uac1c\uc758, \ubc1c\uc5b8"", ""wv"": 0}, {""realTime"": ""14:04:48"", ""playTime"": ""00:01:13"", ""speakType"": ""\uc778\uc0ac"", ""no"": 515757, ""movieTitle"": ""\uc815\uc758\uc6a9 \uc7a5\uad00(\uc678\uad50\ubd80)  \uc778\uc0ac"", ""wv"": 0}, {""realTime"": ""14:06:02"", ""playTime"": ""00:00:53"", ""speakType"": ""\uc778\uc0ac"", ""no"": 515758, ""movieTitle"": ""\ud669\ud76c \uc7a5\uad00(\ubb38\ud654\uccb4\uc721\uad00\uad11\ubd80)  \uc778\uc0ac"", ""wv"": 0}, {""realTime"": ""14:06:56"", ""playTime"": ""00:01:22"", ""speakType"": ""\ubc95\uc548"", ""no"": 515759, ""movieTitle"": ""\ubc15\ubcd1\uc11d \uad6d\ud68c\uc758\uc7a5  \ubc1c\uc5b8, \uc758\uc0ac\uc77c\uc815 \uc81c1\ud56d \uc0c1\uc815"", ""wv"": 0}, {""realTime"": ""14:08:18"", ""playTime"": ""00:19:17"", ""speakType"": ""\uc124\uba85"", ""no"": 515760, ""movieTitle"": ""\ubc15\ud0dc\ud615 \uc758\uc0ac\uad6d\uc7a5  \uc124\uba85, \ud22c\ud45c"", ""wv"": 0}, {""realTime"": ""14:27:35"", ""playTime"": ""00:01:24"", ""speakType"": ""\ubc95\uc548"", ""no"": 515761, ""movieTitle"": ""\ubc15\ubcd1\uc11d \uad6d\ud68c\uc758\uc7a5  \ubc1c\uc5b8, \uc758\uc0ac\uc77c\uc815 \uc81c1\ud56d \uc758\uacb0, \uc81c2\ud56d~\uc81c10\ud56d \uc0c1\uc815"", ""wv"": 0}, {""realTime"": ""14:29:00"", ""playTime"": ""00:02:20"", ""speakType"": ""\ubcf4\uace0"", ""no"": 515762, ""movieTitle"": ""\ucd5c\uae30\uc0c1 \uc758\uc6d0(\ub354\ubd88\uc5b4\ubbfc\uc8fc\ub2f9)  \ubcf4\uace0"", ""wv"": 0}, {""realTime"": ""14:31:20"", ""playTime"": ""00:08:44"", ""speakType"": ""\ubc95\uc548"", ""no"": 515763, ""movieTitle"": ""\ubc15\ubcd1\uc11d \uad6d\ud68c\uc758\uc7a5  \ubc1c\uc5b8, \ud22c\ud45c, \uc758\uc0ac\uc77c\uc815 \uc81c2\ud56d~\uc81c10\ud56d \uc758\uacb0, \uc81c11\ud56d~\uc81c12\ud56d \uc0c1\uc815"", ""wv"": 0}, {""realTime"": ""14:40:04"", ""playTime"": ""00:02:08"", ""speakType"": ""\uc124\uba85"", ""no"": 515764, ""movieTitle"": ""\uc804\uc8fc\ud61c \uc758\uc6d0(\uad6d\ubbfc\uc758\ud798)  \uc124\uba85"", ""wv"": 0}, {""realTime"": ""14:42:13"", ""playTime"": ""00:02:14"", ""speakType"": ""\ubc95\uc548"", ""no"": 515765, ""movieTitle"": ""\ubc15\ubcd1\uc11d \uad6d\ud68c\uc758\uc7a5  \ubc1c\uc5b8, \ud22c\ud45c, \uc758\uc0ac\uc77c\uc815 \uc81c11\ud56d~\uc81c12\ud56d \uc758\uacb0, \uc81c13\ud56d~\uc81c16\ud56d \uc0c1\uc815"", ""wv"": 0}, {""realTime"": ""14:44:27"", ""playTime"": ""00:01:48"", ""speakType"": ""\ubcf4\uace0"", ""no"": 515766, ""movieTitle"": ""\ubc15\ud64d\uadfc \uc758\uc6d0(\ub354\ubd88\uc5b4\ubbfc\uc8fc\ub2f9)  \ubcf4\uace0"", ""wv"": 0}, {""realTime"": ""14:46:15"", ""playTime"": ""00:03:39"", ""speakType"": ""\ubc95\uc548"", ""no"": 515767, ""movieTitle"": ""\uae40\uc0c1\ud76c \uad6d\ud68c\ubd80\uc758\uc7a5(\ub354\ubd88\uc5b4\ubbfc\uc8fc\ub2f9)  \ubc1c\uc5b8, \ud22c\ud45c, \uc758\uc0ac\uc77c\uc815 \uc81c13\ud56d~\uc81c16\ud56d \uc758\uacb0, \uc81c17\ud56d~\uc81c21\ud56d \uc0c1\uc815"", ""wv"": 0}, {""realTime"": ""14:49:55"", ""playTime"": ""00:02:28"", ""speakType"": ""\ubcf4\uace0"", ""no"": 515768, ""movieTitle"": ""\uad8c\uc778\uc219 \uc758\uc6d0(\ub354\ubd88\uc5b4\ubbfc\uc8fc\ub2f9)  \ubcf4\uace0"", ""wv"": 0}, {""realTime"": ""14:52:23"", ""playTime"": ""00:04:33"", ""speakType"": ""\ubc95\uc548"", ""no"": 515769, ""movieTitle"": ""\uae40\uc0c1\ud76c \uad6d\ud68c\ubd80\uc758\uc7a5(\ub354\ubd88\uc5b4\ubbfc\uc8fc\ub2f9)  \ubc1c\uc5b8, \ud22c\ud45c, \uc758\uc0ac\uc77c\uc815 \uc81c17\ud56d~\uc81c21\ud56d \uc758\uacb0, \uc81c22\ud56d~\uc81c26\ud56d \uc0c1\uc815"", ""wv"": 0}, {""realTime"": ""14:56:57"", ""playTime"": ""00:02:06"", ""speakType"": ""\ubcf4\uace0"", ""no"": 515770, ""movieTitle"": ""\ubc30\uc900\uc601 \uc758\uc6d0(\uad6d\ubbfc\uc758\ud798)  \ubcf4\uace0"", ""wv"": 0}, {""realTime"": ""14:59:03"", ""playTime"": ""00:03:57"", ""speakType"": ""\ubc95\uc548"", ""no"": 515771, ""movieTitle"": ""\uae40\uc0c1\ud76c \uad6d\ud68c\ubd80\uc758\uc7a5(\ub354\ubd88\uc5b4\ubbfc\uc8fc\ub2f9)  \ubc1c\uc5b8, \ud22c\ud45c, \uc758\uc0ac\uc77c\uc815 \uc81c22\ud56d~\uc81c26\ud56d \uc758\uacb0, \uc81c27\ud56d~\uc81c30\ud56d \uc0c1\uc815"", ""wv"": 0}, {""realTime"": ""15:03:00"", ""playTime"": ""00:02:00"", ""speakType"": ""\ubcf4\uace0"", ""no"": 515772, ""movieTitle"": ""\ud55c\ubcd1\ub3c4 \uc758\uc6d0(\ub354\ubd88\uc5b4\ubbfc\uc8fc\ub2f9)  \ubcf4\uace0"", ""wv"": 0}, {""realTime"": ""15:05:00"", ""playTime"": ""00:03:29"", ""speakType"": ""\ubc95\uc548"", ""no"": 515773, ""movieTitle"": ""\uae40\uc0c1\ud76c \uad6d\ud68c\ubd80\uc758\uc7a5(\ub354\ubd88\uc5b4\ubbfc\uc8fc\ub2f9)  \ubc1c\uc5b8, \ud22c\ud45c, \uc758\uc0ac\uc77c\uc815 \uc81c27\ud56d~\uc81c30\ud56d \uc758\uacb0, \uc81c31\ud56d \uc0c1\uc815"", ""wv"": 0}, {""realTime"": ""15:08:30"", ""playTime"": ""00:04:03"", ""speakType"": ""\uc124\uba85"", ""no"": 515774, ""movieTitle"": ""\uc624\uc601\ud6c8 \uc758\uc6d0(\ub354\ubd88\uc5b4\ubbfc\uc8fc\ub2f9)  \uc124\uba85"", ""wv"": 0}, {""realTime"": ""15:12:33"", ""playTime"": ""00:02:03"", ""speakType"": ""\ubc95\uc548"", ""no"": 515775, ""movieTitle"": ""\uae40\uc0c1\ud76c \uad6d\ud68c\ubd80\uc758\uc7a5(\ub354\ubd88\uc5b4\ubbfc\uc8fc\ub2f9)  \ubc1c\uc5b8, \ud22c\ud45c, \uc758\uc0ac\uc77c\uc815 \uc81c31\ud56d \uc758\uacb0, \uc81c48\ud56d~\uc81c51\ud56d \uc0c1\uc815"", ""wv"": 0}, {""realTime"": ""15:14:36"", ""playTime"": ""00:03:05"", ""speakType"": ""\ubcf4\uace0"", ""no"": 515776, ""movieTitle"": ""\uc774\ud5cc\uc2b9 \uc758\uc6d0(\uad6d\ubbfc\uc758\ud798)  \ubcf4\uace0"", ""wv"": 0}, {""realTime"": ""15:17:41"", ""playTime"": ""00:03:04"", ""speakType"": ""\ubc95\uc548"", ""no"": 515777, ""movieTitle"": ""\uae40\uc0c1\ud76c \uad6d\ud68c\ubd80\uc758\uc7a5(\ub354\ubd88\uc5b4\ubbfc\uc8fc\ub2f9)  \ubc1c\uc5b8, \ud22c\ud45c, \uc758\uc0ac\uc77c\uc815 \uc81c48\ud56d~\uc81c50\ud56d \uc758\uacb0"", ""wv"": 0}, {""realTime"": ""15:20:46"", ""playTime"": ""00:06:29"", ""speakType"": ""\ud1a0\ub860"", ""no"": 515778, ""movieTitle"": ""\uacfd\uc0c1\ub3c4 \uc758\uc6d0(\uad6d\ubbfc\uc758\ud798)  \ud1a0\ub860"", ""wv"": 0}, {""realTime"": ""15:27:16"", ""playTime"": ""00:05:10"", ""speakType"": ""\ud1a0\ub860"", ""no"": 515779, ""movieTitle"": ""\uc9c4\uc131\uc900 \uc758\uc6d0(\ub354\ubd88\uc5b4\ubbfc\uc8fc\ub2f9)  \ud1a0\ub860"", ""wv"": 0}, {""realTime"": ""15:32:27"", ""playTime"": ""00:05:30"", ""speakType"": ""\ud1a0\ub860"", ""no"": 515780, ""movieTitle"": ""\uc2ec\uc0c1\uc815 \uc758\uc6d0(\uc815\uc758\ub2f9)  \ud1a0\ub860"", ""wv"": 0}, {""realTime"": ""15:37:57"", ""playTime"": ""00:05:06"", ""speakType"": ""\ud1a0\ub860"", ""no"": 515781, ""movieTitle"": ""\ubc15\uc218\uc601 \uc758\uc6d0(\uad6d\ubbfc\uc758\ud798)  \ud1a0\ub860"", ""wv"": 0}, {""realTime"": ""15:43:03"", ""playTime"": ""00:01:48"", ""speakType"": ""\ubc95\uc548"", ""no"": 515782, ""movieTitle"": ""\uae40\uc0c1\ud76c \uad6d\ud68c\ubd80\uc758\uc7a5(\ub354\ubd88\uc5b4\ubbfc\uc8fc\ub2f9)  \ubc1c\uc5b8, \ud22c\ud45c, \uc758\uc0ac\uc77c\uc815 \uc81c51\ud56d \uc758\uacb0, \uc81c52\ud56d~\uc81c57\ud56d \uc0c1\uc815"", ""wv"": 0}, {""realTime"": ""15:44:52"", ""playTime"": ""00:03:36"", ""speakType"": ""\ubcf4\uace0"", ""no"": 515783, ""movieTitle"": ""\uac15\uc900\ud604 \uc758\uc6d0(\ub354\ubd88\uc5b4\ubbfc\uc8fc\ub2f9)  \ubcf4\uace0"", ""wv"": 0}, {""realTime"": ""15:48:29"", ""playTime"": ""00:05:05"", ""speakType"": ""\ubc95\uc548"", ""no"": 515784, ""movieTitle"": ""\uae40\uc0c1\ud76c \uad6d\ud68c\ubd80\uc758\uc7a5(\ub354\ubd88\uc5b4\ubbfc\uc8fc\ub2f9)  \ubc1c\uc5b8, \ud22c\ud45c, \uc758\uc0ac\uc77c\uc815 \uc81c52\ud56d~\uc81c57\ud56d \uc758\uacb0, \uc81c58\ud56d~\uc81c63\ud56d \uc0c1\uc815"", ""wv"": 0}, {""realTime"": ""15:53:35"", ""playTime"": ""00:02:48"", ""speakType"": ""\ubcf4\uace0"", ""no"": 515785, ""movieTitle"": ""\uae40\uad50\ud765 \uc758\uc6d0(\ub354\ubd88\uc5b4\ubbfc\uc8fc\ub2f9)  \ubcf4\uace0"", ""wv"": 0}, {""realTime"": ""15:56:23"", ""playTime"": ""00:05:18"", ""speakType"": ""\ubc95\uc548"", ""no"": 515786, ""movieTitle"": ""\uae40\uc0c1\ud76c \uad6d\ud68c\ubd80\uc758\uc7a5(\ub354\ubd88\uc5b4\ubbfc\uc8fc\ub2f9)  \ubc1c\uc5b8, \ud22c\ud45c, \uc758\uc0ac\uc77c\uc815 \uc81c58\ud56d~\uc81c63\ud56d \uc758\uacb0, \uc81c32\ud56d \uc0c1\uc815"", ""wv"": 0}, {""realTime"": ""16:01:41"", ""playTime"": ""00:01:38"", ""speakType"": ""\ubcf4\uace0"", ""no"": 515787, ""movieTitle"": ""\uc774\ubcd1\ud6c8 \uc758\uc6d0(\ub354\ubd88\uc5b4\ubbfc\uc8fc\ub2f9)  \ubcf4\uace0"", ""wv"": 0}, {""realTime"": ""16:03:20"", ""playTime"": ""00:06:53"", ""speakType"": ""\ud1a0\ub860"", ""no"": 515788, ""movieTitle"": ""\ucd5c\ud615\ub450 \uc758\uc6d0(\uad6d\ubbfc\uc758\ud798)  \ud1a0\ub860"", ""wv"": 0}, {""realTime"": ""16:10:13"", ""playTime"": ""00:04:33"", ""speakType"": ""\ud1a0\ub860"", ""no"": 515789, ""movieTitle"": ""\uc774\ubcd1\ud6c8 \uc758\uc6d0(\ub354\ubd88\uc5b4\ubbfc\uc8fc\ub2f9)  \ud1a0\ub860"", ""wv"": 0}, {""realTime"": ""16:14:46"", ""playTime"": ""00:01:48"", ""speakType"": ""\ubc95\uc548"", ""no"": 515790, ""movieTitle"": ""\ubc15\ubcd1\uc11d \uad6d\ud68c\uc758\uc7a5  \ubc1c\uc5b8, \ud22c\ud45c, \uc758\uc0ac\uc77c\uc815 \uc81c32\ud56d \uc758\uacb0, \uc81c67\ud56d~\uc81c69\ud56d \uc0c1\uc815"", ""wv"": 0}, {""realTime"": ""16:16:35"", ""playTime"": ""00:01:54"", ""speakType"": ""\ubcf4\uace0"", ""no"": 515791, ""movieTitle"": ""\uc774\uc6a9\uc120 \uc758\uc6d0(\ub354\ubd88\uc5b4\ubbfc\uc8fc\ub2f9)  \ubcf4\uace0"", ""wv"": 0}, {""realTime"": ""16:18:30"", ""playTime"": ""00:02:41"", ""speakType"": ""\ubc95\uc548"", ""no"": 515792, ""movieTitle"": ""\ubc15\ubcd1\uc11d \uad6d\ud68c\uc758\uc7a5  \ubc1c\uc5b8, \ud22c\ud45c, \uc758\uc0ac\uc77c\uc815 \uc81c67\ud56d~\uc81c69\ud56d \uc758\uacb0, \uc81c70\ud56d \uc0c1\uc815"", ""wv"": 0}, {""realTime"": ""16:21:11"", ""playTime"": ""00:01:18"", ""speakType"": ""\uc124\uba85"", ""no"": 515793, ""movieTitle"": ""\uc815\uc9c4\uc11d \uc758\uc6d0(\uad6d\ubbfc\uc758\ud798)  \uc124\uba85"", ""wv"": 0}, {""realTime"": ""16:22:30"", ""playTime"": ""00:02:57"", ""speakType"": ""\ubc95\uc548"", ""no"": 515794, ""movieTitle"": ""\ubc15\ubcd1\uc11d \uad6d\ud68c\uc758\uc7a5  \ubc1c\uc5b8, \ud22c\ud45c, \uc758\uc0ac\uc77c\uc815 \uc81c70\ud56d \uc758\uacb0, \uc81c71\ud56d \uc0c1\uc815, \uc758\uacb0, \uc81c33\ud56d~\uc81c35\ud56d \uc0c1\uc815"", ""wv"": 0}, {""realTime"": ""16:25:27"", ""playTime"": ""00:03:23"", ""speakType"": ""\ubcf4\uace0"", ""no"": 515795, ""movieTitle"": ""\uc774\ucca0\uaddc \uc758\uc6d0(\uad6d\ubbfc\uc758\ud798)  \ubcf4\uace0"", ""wv"": 0}, {""realTime"": ""16:28:51"", ""playTime"": ""00:03:30"", ""speakType"": ""\ubc95\uc548"", ""no"": 515796, ""movieTitle"": ""\ubc15\ubcd1\uc11d \uad6d\ud68c\uc758\uc7a5  \ubc1c\uc5b8, \ud22c\ud45c, \uc758\uc0ac\uc77c\uc815 \uc81c33\ud56d~\uc81c35\ud56d \uc758\uacb0, \uc81c36\ud56d~\uc81c39\ud56d \uc0c1\uc815"", ""wv"": 0}, {""realTime"": ""16:32:21"", ""playTime"": ""00:03:06"", ""speakType"": ""\ubcf4\uace0"", ""no"": 515797, ""movieTitle"": ""\uc11c\uc815\uc219 \uc758\uc6d0(\uad6d\ubbfc\uc758\ud798)  \ubcf4\uace0"", ""wv"": 0}, {""realTime"": ""16:35:27"", ""playTime"": ""00:04:04"", ""speakType"": ""\ubc95\uc548"", ""no"": 515798, ""movieTitle"": ""\ubc15\ubcd1\uc11d \uad6d\ud68c\uc758\uc7a5  \ubc1c\uc5b8, \ud22c\ud45c, \uc758\uc0ac\uc77c\uc815 \uc81c36\ud56d~\uc81c39\ud56d \uc758\uacb0, \uc81c41\ud56d~\uc81c46\ud56d \uc0c1\uc815"", ""wv"": 0}, {""realTime"": ""16:39:32"", ""playTime"": ""00:01:13"", ""speakType"": ""\ubcf4\uace0"", ""no"": 515799, ""movieTitle"": ""\uac15\ubcd1\uc6d0 \uc758\uc6d0(\ub354\ubd88\uc5b4\ubbfc\uc8fc\ub2f9)  \ubcf4\uace0"", ""wv"": 0}, {""realTime"": ""16:40:45"", ""playTime"": ""00:05:26"", ""speakType"": ""\ubc95\uc548"", ""no"": 515800, ""movieTitle"": ""\ubc15\ubcd1\uc11d \uad6d\ud68c\uc758\uc7a5  \ubc1c\uc5b8, \ud22c\ud45c, \uc758\uc0ac\uc77c\uc815 \uc81c41\ud56d~\uc81c46\ud56d \uc758\uacb0, \uc81c64\ud56d~\uc81c66\ud56d \uc0c1\uc815"", ""wv"": 0}, {""realTime"": ""16:46:12"", ""playTime"": ""00:02:29"", ""speakType"": ""\uc124\uba85"", ""no"": 515801, ""movieTitle"": ""\uc591\uae08\ud76c \uc758\uc6d0(\uad6d\ubbfc\uc758\ud798)  \uc124\uba85"", ""wv"": 0}, {""realTime"": ""16:48:42"", ""playTime"": ""00:03:00"", ""speakType"": ""\ubc95\uc548"", ""no"": 515802, ""movieTitle"": ""\ubc15\ubcd1\uc11d \uad6d\ud68c\uc758\uc7a5  \ubc1c\uc5b8, \ud22c\ud45c, \uc758\uc0ac\uc77c\uc815 \uc81c64\ud56d~\uc81c66\ud56d \uc758\uacb0"", ""wv"": 0}, {""realTime"": ""16:51:43"", ""playTime"": ""00:05:00"", ""speakType"": ""\ubc1c\uc5b8"", ""no"": 515803, ""movieTitle"": ""\uc804\uc7ac\uc218 \uc758\uc6d0(\ub354\ubd88\uc5b4\ubbfc\uc8fc\ub2f9)  \ubc1c\uc5b8"", ""wv"": 0}, {""realTime"": ""16:56:44"", ""playTime"": ""00:05:33"", ""speakType"": ""\ubc1c\uc5b8"", ""no"": 515804, ""movieTitle"": ""\uae40\uae30\ud604 \uc758\uc6d0(\uad6d\ubbfc\uc758\ud798)  \ubc1c\uc5b8"", ""wv"": 0}, {""realTime"": ""17:02:17"", ""playTime"": ""00:05:29"", ""speakType"": ""\uc9c8\uc758"", ""no"": 515805, ""movieTitle"": ""\ud64d\uae30\uc6d0 \uc758\uc6d0(\ub354\ubd88\uc5b4\ubbfc\uc8fc\ub2f9)  \ubc1c\uc5b8"", ""wv"": 0}, {""realTime"": ""17:07:46"", ""playTime"": ""00:06:04"", ""speakType"": ""\ubc1c\uc5b8"", ""no"": 515806, ""movieTitle"": ""\uacfd\uc0c1\ub3c4 \uc758\uc6d0(\uad6d\ubbfc\uc758\ud798)  \ubc1c\uc5b8"", ""wv"": 0}, {""realTime"": ""17:13:50"", ""playTime"": ""00:05:24"", ""speakType"": ""\ubc1c\uc5b8"", ""no"": 515807, ""movieTitle"": ""\ucd5c\ud61c\uc601 \uc758\uc6d0(\ub354\ubd88\uc5b4\ubbfc\uc8fc\ub2f9)  \ubc1c\uc5b8"", ""wv"": 0}, {""realTime"": ""17:19:15"", ""playTime"": ""00:05:02"", ""speakType"": ""\ubc1c\uc5b8"", ""no"": 515808, ""movieTitle"": ""\ubc15\ud615\uc218 \uc758\uc6d0(\uad6d\ubbfc\uc758\ud798)  \ubc1c\uc5b8"", ""wv"": 0}, {""realTime"": ""17:24:17"", ""playTime"": ""00:04:16"", ""speakType"": ""\ubc1c\uc5b8"", ""no"": 515809, ""movieTitle"": ""\ud64d\uc815\ubbfc \uc758\uc6d0(\ub354\ubd88\uc5b4\ubbfc\uc8fc\ub2f9)  \ubc1c\uc5b8"", ""wv"": 0}, {""realTime"": ""17:28:33"", ""playTime"": ""00:04:56"", ""speakType"": ""\ubc1c\uc5b8"", ""no"": 515810, ""movieTitle"": ""\uc815\uacbd\ud76c \uc758\uc6d0(\uad6d\ubbfc\uc758\ud798)  \ubc1c\uc5b8"", ""wv"": 0}, {""realTime"": ""17:33:29"", ""playTime"": ""00:00:59"", ""speakType"": ""\ubc1c\uc5b8"", ""no"": 515811, ""movieTitle"": ""\ubc15\ubcd1\uc11d \uad6d\ud68c\uc758\uc7a5  \ubc1c\uc5b8"", ""wv"": 0}, {""realTime"": ""17:34:28"", ""playTime"": ""00:04:56"", ""speakType"": ""\ubc1c\uc5b8"", ""no"": 515812, ""movieTitle"": ""\ud5c8\uc740\uc544 \uc758\uc6d0(\uad6d\ubbfc\uc758\ud798)  \ubc1c\uc5b8"", ""wv"": 0}, {""realTime"": ""17:39:25"", ""playTime"": ""00:05:04"", ""speakType"": ""\ubc1c\uc5b8"", ""no"": 515813, ""movieTitle"": ""\uc870\uc815\ud6c8 \uc758\uc6d0(\uc2dc\ub300\uc804\ud658)  \ubc1c\uc5b8"", ""wv"": 0}, {""realTime"": ""17:44:30"", ""playTime"": ""00:00:10"", ""speakType"": ""\uc0b0\ud68c"", ""no"": 515814, ""movieTitle"": ""\ubc15\ubcd1\uc11d \uad6d\ud68c\uc758\uc7a5  \ubc1c\uc5b8, \uc0b0\ud68c"", ""wv"": 0}], ""movieTitle"": ""\uc804\uccb4\ubcf4\uae30(14\uc2dc 04\ubd84 \uac1c\uc758~17\uc2dc 42\ubd84 \uc0b0\ud68c)"", ""qvod"": ""0"", ""wv"": 1}], ""confOpenTime"": ""14:04"", ""confWeek"": ""\uae08"", ""handlang"": ""1"", ""confDate"": ""2021-02-26"", ""mc"": ""10"", ""munitesType"": ""NEW"", ""audioService"": 0, ""confTitle"": ""\uc81c384\ud68c \uad6d\ud68c(\uc784\uc2dc\ud68c) \uc81c07\ucc28 \ubcf8\ud68c\uc758"", ""angun"": [{""sortno"": ""1. "", ""billname"": ""1. \uc9c4\uc2e4\u00b7\ud654\ud574\ub97c\uc704\ud55c\uacfc\uac70\uc0ac\uc815\ub9ac\uc704\uc6d0\ud68c \uc704\uc6d0(\uc774\uc21c\ub3d9) \uc120\ucd9c\uc548"", ""billno"": """", ""billid"": """"}, {""sortno"": ""2. "", ""billname"": ""2. \uc131\ub9e4\ub9e4\uc54c\uc120 \ub4f1 \ud589\uc704\uc758 \ucc98\ubc8c\uc5d0 \uad00\ud55c \ubc95\ub960 \uc77c\ubd80\uac1c\uc815\ubc95\ub960\uc548(\uc218\uc815, \ubc31\ud61c\ub828\uc758\uc6d0 \ub300\ud45c\ubc1c\uc758)"", ""billno"": """", ""billid"": """"}, {""sortno"": ""3. "", ""billname"": ""3. \uc120\ubc15 \ubc0f \ud574\uc0c1\uad6c\uc870\ubb3c\uc5d0 \ub300\ud55c \uc704\ud574\ud589\uc704\uc758 \ucc98\ubc8c \ub4f1\uc5d0 \uad00\ud55c \ubc95\ub960 \uc77c\ubd80\uac1c\uc815\ubc95\ub960\uc548(\uc218\uc815, \ucd5c\uae30\uc0c1\uc758\uc6d0 \ub300\ud45c\ubc1c\uc758)"", ""billno"": """", ""billid"": """"}, {""sortno"": ""4. "", ""billname"": ""4. \uc0ac\ubc95\uacbd\ucc30\uad00\ub9ac\uc758 \uc9c1\ubb34\ub97c \uc218\ud589\ud560 \uc790\uc640 \uadf8 \uc9c1\ubb34\ubc94\uc704\uc5d0 \uad00\ud55c \ubc95\ub960 \uc77c\ubd80\uac1c\uc815\ubc95\ub960\uc548(\uc218\uc815, \uc1a1\uae30\ud5cc\uc758\uc6d0 \ub300\ud45c\ubc1c\uc758)"", ""billno"": """", ""billid"": """"}, {""sortno"": ""5. "", ""billname"": ""5. \ud615\uc0ac\ubcf4\uc0c1 \ubc0f \uba85\uc608\ud68c\ubcf5\uc5d0 \uad00\ud55c \ubc95\ub960 \uc77c\ubd80\uac1c\uc815\ubc95\ub960\uc548(\uc218\uc815, \ubc15\uc8fc\ubbfc\uc758\uc6d0 \ub300\ud45c\ubc1c\uc758)"", ""billno"": """", ""billid"": """"}, {""sortno"": ""6. "", ""billname"": ""6. \ud615\uc758 \uc2e4\ud6a8 \ub4f1\uc5d0 \uad00\ud55c \ubc95\ub960 \uc77c\ubd80\uac1c\uc815\ubc95\ub960\uc548(\uc218\uc815, \uc18c\ubcd1\ucca0\uc758\uc6d0 \ub300\ud45c\ubc1c\uc758)"", ""billno"": """", ""billid"": """"}, {""sortno"": ""7. "", ""billname"": ""7. \ucd9c\uc785\uad6d\uad00\ub9ac\ubc95 \uc77c\ubd80\uac1c\uc815\ubc95\ub960\uc548(\uc218\uc815, \ubc15\ubc94\uacc4\uc758\uc6d0 \ub300\ud45c\ubc1c\uc758)"", ""billno"": """", ""billid"": """"}, {""sortno"": ""8. "", ""billname"": ""8. \uc804\uc790\uc7a5\uce58 \ubd80\ucc29 \ub4f1\uc5d0 \uad00\ud55c \ubc95\ub960 \uc77c\ubd80\uac1c\uc815\ubc95\ub960\uc548(\uc218\uc815, \uae40\uc885\ubbfc\uc758\uc6d0 \ub300\ud45c\ubc1c\uc758)"", ""billno"": """", ""billid"": """"}, {""sortno"": ""9. "", ""billname"": ""9. \ud1b5\uc2e0\ube44\ubc00\ubcf4\ud638\ubc95 \uc77c\ubd80\uac1c\uc815\ubc95\ub960\uc548(\uc218\uc815, \uc2e0\ub3d9\uadfc\uc758\uc6d0 \ub300\ud45c\ubc1c\uc758)"", ""billno"": """", ""billid"": """"}, {""sortno"": ""10. "", ""billname"": ""10. \ud589\uc815\uae30\ubcf8\ubc95\uc548(\uc218\uc815, \uc815\ubd80\uc81c\ucd9c)"", ""billno"": """", ""billid"": """"}, {""sortno"": ""11. "", ""billname"": ""11. \uac00\uc871\uad00\uacc4\uc758 \ub4f1\ub85d \ub4f1\uc5d0 \uad00\ud55c \ubc95\ub960 \uc77c\ubd80\uac1c\uc815\ubc95\ub960\uc548(\ub300\uc548)"", ""billno"": """", ""billid"": """"}, {""sortno"": ""12. "", ""billname"": ""12. \uc544\ub3d9\ud559\ub300\ubc94\uc8c4\uc758 \ucc98\ubc8c \ub4f1\uc5d0 \uad00\ud55c \ud2b9\ub840\ubc95 \uc77c\ubd80\uac1c\uc815\ubc95\ub960\uc548(\ub300\uc548)"", ""billno"": """", ""billid"": """"}, {""sortno"": ""13. "", ""billname"": ""13. \ud55c\uad6d\ud22c\uc790\uacf5\uc0ac\ubc95 \uc77c\ubd80\uac1c\uc815\ubc95\ub960\uc548(\uc218\uc815, \uae40\uacbd\ud611\uc758\uc6d0 \ub300\ud45c\ubc1c\uc758)"", ""billno"": """", ""billid"": """"}, {""sortno"": ""14. "", ""billname"": ""14. \uc18c\ub4dd\uc138\ubc95 \uc77c\ubd80\uac1c\uc815\ubc95\ub960\uc548(\uc218\uc815, \uc815\ubd80\uc81c\ucd9c)"", ""billno"": """", ""billid"": """"}, {""sortno"": ""15. "", ""billname"": ""15. \ubc95\uc778\uc138\ubc95 \uc77c\ubd80\uac1c\uc815\ubc95\ub960\uc548(\uc6d0\uc548, \uc815\ubd80\uc81c\ucd9c)"", ""billno"": """", ""billid"": """"}, {""sortno"": ""16. "", ""billname"": ""16. \uc870\uc138\ud2b9\ub840\uc81c\ud55c\ubc95 \uc77c\ubd80\uac1c\uc815\ubc95\ub960\uc548(\ub300\uc548)"", ""billno"": """", ""billid"": """"}, {""sortno"": ""17. "", ""billname"": ""17. \uc9c1\uc5c5\uad50\uc721\ud6c8\ub828 \ucd09\uc9c4\ubc95 \uc77c\ubd80\uac1c\uc815\ubc95\ub960\uc548(\uc218\uc815, \uc11c\ub3d9\uc6a9\uc758\uc6d0 \ub300\ud45c\ubc1c\uc758)"", ""billno"": """", ""billid"": """"}, {""sortno"": ""18. "", ""billname"": ""18. \uace0\ub4f1\uad50\uc721\ubc95 \uc77c\ubd80\uac1c\uc815\ubc95\ub960\uc548(\ub300\uc548)"", ""billno"": """", ""billid"": """"}, {""sortno"": ""19. "", ""billname"": ""19. \uad50\uc6d0\uc758 \uc9c0\uc704 \ud5a5\uc0c1 \ubc0f \uad50\uc721\ud65c\ub3d9 \ubcf4\ud638\ub97c \uc704\ud55c \ud2b9\ubcc4\ubc95 \uc77c\ubd80\uac1c\uc815\ubc95\ub960\uc548(\ub300\uc548)"", ""billno"": """", ""billid"": """"}, {""sortno"": ""20. "", ""billname"": ""20. \uc9c0\ubc29\ub300\ud559 \ubc0f \uc9c0\uc5ed\uade0\ud615\uc778\uc7ac \uc721\uc131\uc5d0 \uad00\ud55c \ubc95\ub960 \uc77c\ubd80\uac1c\uc815\ubc95\ub960\uc548(\ub300\uc548)"", ""billno"": """", ""billid"": """"}, {""sortno"": ""21. "", ""billname"": ""21. \ud559\uad50\ubcf5\ud569\uc2dc\uc124 \uc124\uce58 \ubc0f \uc6b4\uc601\u00b7\uad00\ub9ac\uc5d0 \uad00\ud55c \ubc95\ub960 \uc77c\ubd80\uac1c\uc815\ubc95\ub960\uc548(\ub300\uc548)"", ""billno"": """", ""billid"": """"}, {""sortno"": ""22. "", ""billname"": ""22. \ucd08\u00b7\uc911\ub4f1\uad50\uc721\ubc95 \uc77c\ubd80\uac1c\uc815\ubc95\ub960\uc548(\uc6d0\uc548, \ubc30\uc900\uc601\uc758\uc6d0 \ub300\ud45c\ubc1c\uc758)"", ""billno"": """", ""billid"": """"}, {""sortno"": ""23. "", ""billname"": ""23. \uc0ac\ub8cc\uc758 \uc218\uc9d1\u00b7\ud3b8\ucc2c \ubc0f \ud55c\uad6d\uc0ac\uc758 \ubcf4\uae09 \ub4f1\uc5d0 \uad00\ud55c \ubc95\ub960 \uc77c\ubd80\uac1c\uc815\ubc95\ub960\uc548(\uc6d0\uc548, \u91d1\u70b3\u65ed\uc758\uc6d0 \ub300\ud45c\ubc1c\uc758)"", ""billno"": """", ""billid"": """"}, {""sortno"": ""24. "", ""billname"": ""24. \uad6d\ub9bd\ub300\ud559\uc758 \ud68c\uacc4 \uc124\uce58 \ubc0f \uc7ac\uc815 \uc6b4\uc601\uc5d0 \uad00\ud55c \ubc95\ub960 \uc77c\ubd80\uac1c\uc815\ubc95\ub960\uc548(\uc6d0\uc548, \uc724\uc601\uc11d\uc758\uc6d0 \ub300\ud45c\ubc1c\uc758)"", ""billno"": """", ""billid"": """"}, {""sortno"": ""25. "", ""billname"": ""25. \ud559\uad50\uccb4\uc721 \uc9c4\ud765\ubc95 \uc77c\ubd80\uac1c\uc815\ubc95\ub960\uc548(\ub300\uc548)"", ""billno"": """", ""billid"": """"}, {""sortno"": ""26. "", ""billname"": ""26. \ubc95\ub960\uc6a9\uc5b4 \uc815\ube44\ub97c \uc704\ud55c \uad50\uc721\uc704\uc6d0\ud68c \uc18c\uad00 34\uac1c \ubc95\ub960 \uc77c\ubd80\uac1c\uc815\uc744 \uc704\ud55c \ubc95\ub960\uc548(\uc704\uc6d0\ud68c\uc548)"", ""billno"": """", ""billid"": """"}, {""sortno"": ""27. "", ""billname"": ""27. \uc804\uc790\uc815\ubd80\ubc95 \uc77c\ubd80\uac1c\uc815\ubc95\ub960\uc548(\uc218\uc815, \ud55c\ubcd1\ub3c4\uc758\uc6d0 \ub300\ud45c\ubc1c\uc758)"", ""billno"": """", ""billid"": """"}, {""sortno"": ""28. "", ""billname"": ""28. \uacf5\ubb34\uc6d0 \uc7ac\ud574\ubcf4\uc0c1\ubc95 \uc77c\ubd80\uac1c\uc815\ubc95\ub960\uc548(\uc218\uc815, \ud55c\ubcd1\ub3c4\uc758\uc6d0 \ub300\ud45c\ubc1c\uc758)"", ""billno"": """", ""billid"": """"}, {""sortno"": ""29. "", ""billname"": ""29. \uacf5\uc9c1\uc120\uac70\ubc95 \uc77c\ubd80\uac1c\uc815\ubc95\ub960\uc548(\uc218\uc815, \ud55c\ubcd1\ub3c4\uc758\uc6d0 \ub300\ud45c\ubc1c\uc758)"", ""billno"": """", ""billid"": """"}, {""sortno"": ""30. "", ""billname"": ""30. \uc758\ubb34\uacbd\ucc30\ub300 \uc124\uce58 \ubc0f \uc6b4\uc601\uc5d0 \uad00\ud55c \ubc95\ub960 \uc77c\ubd80\uac1c\uc815\ubc95\ub960\uc548(\uc218\uc815, \ud55c\ubcd1\ub3c4\uc758\uc6d0 \ub300\ud45c\ubc1c\uc758)"", ""billno"": """", ""billid"": """"}, {""sortno"": ""31. "", ""billname"": ""31. \uc81c\uc8fc4\u00b73\uc0ac\uac74 \uc9c4\uc0c1\uaddc\uba85 \ubc0f \ud76c\uc0dd\uc790 \uba85\uc608\ud68c\ubcf5\uc5d0 \uad00\ud55c \ud2b9\ubcc4\ubc95 \uc804\ubd80\uac1c\uc815\ubc95\ub960\uc548(\ub300\uc548)"", ""billno"": """", ""billid"": """"}, {""sortno"": ""32. "", ""billname"": ""32. \uc544\uc2dc\uc544\ubb38\ud654\uc911\uc2ec\ub3c4\uc2dc \uc870\uc131\uc5d0 \uad00\ud55c \ud2b9\ubcc4\ubc95 \uc77c\ubd80\uac1c\uc815\ubc95\ub960\uc548(\uc6d0\uc548, \uc774\ubcd1\ud6c8\uc758\uc6d0 \ub300\ud45c\ubc1c\uc758)"", ""billno"": """", ""billid"": """"}, {""sortno"": ""33. "", ""billname"": ""33. \ud55c\uad6d\uad11\uc5c5\uacf5\ub2e8\ubc95\uc548(\uc218\uc815, \uc774\uc7a5\uc12d\uc758\uc6d0 \ub300\ud45c\ubc1c\uc758)"", ""billno"": """", ""billid"": """"}, {""sortno"": ""34. "", ""billname"": ""34. \ud3d0\uad11\uc9c0\uc5ed \uac1c\ubc1c \uc9c0\uc6d0\uc5d0 \uad00\ud55c \ud2b9\ubcc4\ubc95 \uc77c\ubd80\uac1c\uc815\ubc95\ub960\uc548(\ub300\uc548)"", ""billno"": """", ""billid"": """"}, {""sortno"": ""35. "", ""billname"": ""35. \ud3ec\ud56d\uc9c0\uc9c4\uc758 \uc9c4\uc0c1\uc870\uc0ac \ubc0f \ud53c\ud574\uad6c\uc81c \ub4f1\uc744 \uc704\ud55c \ud2b9\ubcc4\ubc95 \uc77c\ubd80\uac1c\uc815\ubc95\ub960\uc548(\uc218\uc815, \uc815\ubd80\uc81c\ucd9c)"", ""billno"": """", ""billid"": """"}, {""sortno"": ""36. "", ""billname"": ""36. \uacf5\uc911\ubcf4\uac74 \uc704\uae30\ub300\uc751 \uc758\ub8cc\uc81c\ud488\uc758 \uac1c\ubc1c \ucd09\uc9c4 \ubc0f \uae34\uae09 \uacf5\uae09\uc744 \uc704\ud55c \ud2b9\ubcc4\ubc95\uc548(\ub300\uc548)"", ""billno"": """", ""billid"": """"}, {""sortno"": ""37. "", ""billname"": ""37. \uc758\ub8cc\uae30\uae30\ubc95 \uc77c\ubd80\uac1c\uc815\ubc95\ub960\uc548(\ub300\uc548)"", ""billno"": """", ""billid"": """"}, {""sortno"": ""38. "", ""billname"": ""38. \ubcf4\uac74\uc758\ub8cc\uae30\ubcf8\ubc95 \uc77c\ubd80\uac1c\uc815\ubc95\ub960\uc548(\uc218\uc815, \uac15\uae30\uc724\uc758\uc6d0 \ub300\ud45c\ubc1c\uc758)"", ""billno"": """", ""billid"": """"}, {""sortno"": ""39. "", ""billname"": ""39. \uc804\uacf5\uc758\uc758 \uc218\ub828\ud658\uacbd \uac1c\uc120 \ubc0f \uc9c0\uc704 \ud5a5\uc0c1\uc744 \uc704\ud55c \ubc95\ub960 \uc77c\ubd80\uac1c\uc815\ubc95\ub960\uc548(\uc6d0\uc548, \uc815\ubd80\uc81c\ucd9c)"", ""billno"": """", ""billid"": """"}, {""sortno"": ""40. "", ""billname"": ""40. \uc758\ub8cc\ubc95 \uc77c\ubd80\uac1c\uc815\ubc95\ub960\uc548(\ub300\uc548)"", ""billno"": """", ""billid"": """"}, {""sortno"": ""41. "", ""billname"": ""41. \uac10\uc5fc\ubcd1\uc758 \uc608\ubc29 \ubc0f \uad00\ub9ac\uc5d0 \uad00\ud55c \ubc95\ub960 \uc77c\ubd80\uac1c\uc815\ubc95\ub960\uc548(\ub300\uc548)"", ""billno"": """", ""billid"": """"}, {""sortno"": ""42. "", ""billname"": ""42. \uc751\uae09\uc758\ub8cc\uc5d0 \uad00\ud55c \ubc95\ub960 \uc77c\ubd80\uac1c\uc815\ubc95\ub960\uc548(\ub300\uc548)"", ""billno"": """", ""billid"": """"}, {""sortno"": ""43. "", ""billname"": ""43. \ud608\uc561\uad00\ub9ac\ubc95 \uc77c\ubd80\uac1c\uc815\ubc95\ub960\uc548(\ub300\uc548)"", ""billno"": """", ""billid"": """"}, {""sortno"": ""44. "", ""billname"": ""44. \uc554\uad00\ub9ac\ubc95 \uc77c\ubd80\uac1c\uc815\ubc95\ub960\uc548(\uc218\uc815, \uae40\uc131\uc8fc\uc758\uc6d0 \ub300\ud45c\ubc1c\uc758)"", ""billno"": """", ""billid"": """"}, {""sortno"": ""45. "", ""billname"": ""45. \uc9c0\ubc29\uc758\ub8cc\uc6d0\uc758 \uc124\ub9bd \ubc0f \uc6b4\uc601\uc5d0 \uad00\ud55c \ubc95\ub960 \uc77c\ubd80\uac1c\uc815\ubc95\ub960\uc548(\uc218\uc815, \uc2e0\ud604\uc601\uc758\uc6d0 \ub300\ud45c\ubc1c\uc758)"", ""billno"": """", ""billid"": """"}, {""sortno"": ""46. "", ""billname"": ""46. \uacf5\uacf5\ubcf4\uac74\uc758\ub8cc\uc5d0 \uad00\ud55c \ubc95\ub960 \uc77c\ubd80\uac1c\uc815\ubc95\ub960\uc548(\ub300\uc548)"", ""billno"": """", ""billid"": """"}, {""sortno"": ""47. "", ""billname"": ""47. \uc790\uc0b4\uc608\ubc29 \ubc0f \uc0dd\uba85\uc874\uc911\ubb38\ud654 \uc870\uc131\uc744 \uc704\ud55c \ubc95\ub960 \uc77c\ubd80\uac1c\uc815\ubc95\ub960\uc548(\uc218\uc815, \uae40\uc0c1\ud76c\uc758\uc6d0 \ub300\ud45c\ubc1c\uc758)"", ""billno"": """", ""billid"": """"}, {""sortno"": ""48. "", ""billname"": ""48. \ub3c4\uc2dc\uad50\ud1b5\uc815\ube44 \ucd09\uc9c4\ubc95 \uc77c\ubd80\uac1c\uc815\ubc95\ub960\uc548(\uc218\uc815, \ubc15\uc0c1\ud601\uc758\uc6d0 \ub300\ud45c\ubc1c\uc758)"", ""billno"": """", ""billid"": """"}, {""sortno"": ""49. "", ""billname"": ""49. \uc5ec\uac1d\uc790\ub3d9\ucc28 \uc6b4\uc218\uc0ac\uc5c5\ubc95 \uc77c\ubd80\uac1c\uc815\ubc95\ub960\uc548(\ub300\uc548)"", ""billno"": """", ""billid"": """"}, {""sortno"": ""50. "", ""billname"": ""50. \uc790\ub3d9\ucc28\uc190\ud574\ubc30\uc0c1 \ubcf4\uc7a5\ubc95 \uc77c\ubd80\uac1c\uc815\ubc95\ub960\uc548(\uc6d0\uc548, \uae40\ud68c\uc7ac\uc758\uc6d0 \ub300\ud45c\ubc1c\uc758)"", ""billno"": """", ""billid"": """"}, {""sortno"": ""51. "", ""billname"": ""51. \uac00\ub355\ub3c4\uc2e0\uacf5\ud56d \uac74\uc124\uc744 \uc704\ud55c \ud2b9\ubcc4\ubc95\uc548(\ub300\uc548)"", ""billno"": """", ""billid"": """"}, {""sortno"": ""52. "", ""billname"": ""52. \uac74\ucd95\ubc95 \uc77c\ubd80\uac1c\uc815\ubc95\ub960\uc548(\ub300\uc548)"", ""billno"": """", ""billid"": """"}, {""sortno"": ""53. "", ""billname"": ""53. \uacf5\uc0ac\uc911\ub2e8 \uc7a5\uae30\ubc29\uce58 \uac74\ucd95\ubb3c\uc758 \uc815\ube44 \ub4f1\uc5d0 \uad00\ud55c \ud2b9\ubcc4\uc870\uce58\ubc95 \uc77c\ubd80\uac1c\uc815\ubc95\ub960\uc548(\ub300\uc548)"", ""billno"": """", ""billid"": """"}, {""sortno"": ""54. "", ""billname"": ""54. \uc2e0\ud589\uc815\uc218\ub3c4 \ud6c4\uc18d\ub300\ucc45\uc744 \uc704\ud55c \uc5f0\uae30\u00b7\uacf5\uc8fc\uc9c0\uc5ed \ud589\uc815\uc911\uc2ec\ubcf5\ud569\ub3c4\uc2dc \uac74\uc124\uc744 \uc704\ud55c \ud2b9\ubcc4\ubc95 \uc77c\ubd80\uac1c\uc815\ubc95\ub960\uc548(\uc218\uc815, \uac15\uc900\ud604\uc758\uc6d0 \ub300\ud45c\ubc1c\uc758)"", ""billno"": """", ""billid"": """"}, {""sortno"": ""55. "", ""billname"": ""55. \uc2a4\ub9c8\ud2b8\ub3c4\uc2dc \uc870\uc131 \ubc0f \uc0b0\uc5c5\uc9c4\ud765 \ub4f1\uc5d0 \uad00\ud55c \ubc95\ub960 \uc77c\ubd80\uac1c\uc815\ubc95\ub960\uc548(\uc218\uc815, \uc18c\ubcd1\ud6c8\uc758\uc6d0 \ub300\ud45c\ubc1c\uc758)"", ""billno"": """", ""billid"": """"}, {""sortno"": ""56. "", ""billname"": ""56. \ud1a0\uc9c0\uc774\uc6a9 \uc778\u00b7\ud5c8\uac00 \uc808\ucc28 \uac04\uc18c\ud654\ub97c \uc704\ud55c \ud2b9\ubcc4\ubc95 \uc77c\ubd80\uac1c\uc815\ubc95\ub960\uc548(\uc6d0\uc548, \uc870\uc751\ucc9c\uc758\uc6d0 \ub300\ud45c\ubc1c\uc758)"", ""billno"": """", ""billid"": """"}, {""sortno"": ""57. "", ""billname"": ""57. \uac74\uc124\uae30\uc220 \uc9c4\ud765\ubc95 \uc77c\ubd80\uac1c\uc815\ubc95\ub960\uc548(\ub300\uc548)"", ""billno"": """", ""billid"": """"}, {""sortno"": ""58. "", ""billname"": ""58. \uc2dc\uc124\ubb3c\uc758 \uc548\uc804 \ubc0f \uc720\uc9c0\uad00\ub9ac\uc5d0 \uad00\ud55c \ud2b9\ubcc4\ubc95 \uc77c\ubd80\uac1c\uc815\ubc95\ub960\uc548(\uc218\uc815, \uae40\ud76c\uad6d\uc758\uc6d0 \ub300\ud45c\ubc1c\uc758)"", ""billno"": """", ""billid"": """"}, {""sortno"": ""59. "", ""billname"": ""59. \uad6d\uac00\uacf5\uac04\uc815\ubcf4 \uae30\ubcf8\ubc95 \uc77c\ubd80\uac1c\uc815\ubc95\ub960\uc548(\uc218\uc815, \uc774\uad11\uc7ac\uc758\uc6d0 \ub300\ud45c\ubc1c\uc758)"", ""billno"": """", ""billid"": """"}, {""sortno"": ""60. "", ""billname"": ""60. \ubbfc\uac04\uc784\ub300\uc8fc\ud0dd\uc5d0 \uad00\ud55c \ud2b9\ubcc4\ubc95 \uc77c\ubd80\uac1c\uc815\ubc95\ub960\uc548(\uc218\uc815, \uae40\uad50\ud765\uc758\uc6d0 \ub300\ud45c\ubc1c\uc758)"", ""billno"": """", ""billid"": """"}, {""sortno"": ""61. "", ""billname"": ""61. \uc7a5\uae30\uacf5\uacf5\uc784\ub300\uc8fc\ud0dd \uc785\uc8fc\uc790 \uc0b6\uc758 \uc9c8 \ud5a5\uc0c1 \uc9c0\uc6d0\ubc95 \uc77c\ubd80\uac1c\uc815\ubc95\ub960\uc548(\uc218\uc815, \uc9c4\uc131\uc900\uc758\uc6d0 \ub300\ud45c\ubc1c\uc758)"", ""billno"": """", ""billid"": """"}, {""sortno"": ""62. "", ""billname"": ""62. \ub3c4\uc2dc \ubc0f \uc8fc\uac70\ud658\uacbd\uc815\ube44\ubc95 \uc77c\ubd80\uac1c\uc815\ubc95\ub960\uc548(\uc218\uc815, \uc815\ubd80\uc81c\ucd9c)"", ""billno"": """", ""billid"": """"}, {""sortno"": ""63. "", ""billname"": ""63. \uc8fc\ud0dd\ubc95 \uc77c\ubd80\uac1c\uc815\ubc95\ub960\uc548(\uc218\uc815, \ud558\ud0dc\uacbd\uc758\uc6d0 \ub300\ud45c\ubc1c\uc758)"", ""billno"": """", ""billid"": """"}, {""sortno"": ""64. "", ""billname"": ""64. \uc544\ub3d9\u00b7\uccad\uc18c\ub144\uc758 \uc131\ubcf4\ud638\uc5d0 \uad00\ud55c \ubc95\ub960 \uc77c\ubd80\uac1c\uc815\ubc95\ub960\uc548(\ub300\uc548)"", ""billno"": """", ""billid"": """"}, {""sortno"": ""65. "", ""billname"": ""65. \uccad\uc18c\ub144\ubcf5\uc9c0 \uc9c0\uc6d0\ubc95 \uc77c\ubd80\uac1c\uc815\ubc95\ub960\uc548(\ub300\uc548)"", ""billno"": """", ""billid"": """"}, {""sortno"": ""66. "", ""billname"": ""66. \ud559\uad50 \ubc16 \uccad\uc18c\ub144 \uc9c0\uc6d0\uc5d0 \uad00\ud55c \ubc95\ub960 \uc77c\ubd80\uac1c\uc815\ubc95\ub960\uc548(\ub300\uc548)"", ""billno"": """", ""billid"": """"}, {""sortno"": ""67. "", ""billname"": ""67. \uac15\uc81c \ub610\ub294 \uc758\ubb34 \ub178\ub3d9\uc5d0 \uad00\ud55c \ud611\uc57d \ube44\uc900\ub3d9\uc758\uc548(\uc6d0\uc548, \uc815\ubd80\uc81c\ucd9c)"", ""billno"": """", ""billid"": """"}, {""sortno"": ""68. "", ""billname"": ""68. \uacb0\uc0ac\uc758 \uc790\uc720 \ubc0f \ub2e8\uacb0\uad8c \ubcf4\ud638\uc5d0 \uad00\ud55c \ud611\uc57d \ube44\uc900\ub3d9\uc758\uc548(\uc6d0\uc548, \uc815\ubd80\uc81c\ucd9c)"", ""billno"": """", ""billid"": """"}, {""sortno"": ""69. "", ""billname"": ""69. \ub2e8\uacb0\uad8c \ubc0f \ub2e8\uccb4\uad50\uc12d\uad8c \uc6d0\uce59\uc758 \uc801\uc6a9\uc5d0 \uad00\ud55c \ud611\uc57d \ube44\uc900\ub3d9\uc758\uc548(\uc6d0\uc548, \uc815\ubd80\uc81c\ucd9c)"", ""billno"": """", ""billid"": """"}, {""sortno"": ""70. "", ""billname"": ""70. \ubbf8\uc580\ub9c8 \uad70\ubd80 \ucfe0\ub370\ud0c0 \uaddc\ud0c4 \ubc0f \ubbfc\uc8fc\uc8fc\uc758 \ud68c\ubcf5\uacfc \uad6c\uae08\uc790 \uc11d\ubc29 \ucd09\uad6c \uacb0\uc758\uc548(\ub300\uc548)"", ""billno"": """", ""billid"": """"}, {""sortno"": ""71. "", ""billname"": ""71. 2020\ub144\ub3c4 \uad6d\uc815\uac10\uc0ac \uacb0\uacfc\ubcf4\uace0\uc11c \ucc44\ud0dd\uc758 \uac74(4\uac74)"", ""billno"": """", ""billid"": """"}], ""qvod"": 0}"
